1.74075e+09 0.0197475 0.0171493 0.0029706 0.999999 -0.000605094 0.00035888 -0.00131367
1.74075e+09 0.0231313 0.0198768 0.00255482 0.999998 -0.000652169 0.000273085 -0.00174417
1.74075e+09 0.0228942 0.0188897 0.0028008 0.999998 -0.000814122 7.6039e-05 -0.00155296
1.74075e+09 0.0208033 0.0161796 0.00359385 0.999998 -0.000613205 -0.000169711 -0.00193589
1.74075e+09 0.0198913 0.0165532 0.00257748 0.999998 -0.000811309 -0.000133818 -0.00179739
1.74075e+09 0.0191671 0.0168055 0.00185033 0.999999 -0.000862005 0.000299659 -0.00142916
1.74075e+09 0.0209687 0.0206368 0.000693551 0.999998 -0.00121542 0.000410145 -0.00163731
1.74075e+09 0.0214049 0.0213991 0.000875992 0.999998 -0.000988084 0.000541329 -0.00172373
1.74075e+09 0.0215236 0.022696 0.00116537 0.999998 -0.00109278 0.00025554 -0.00163192
1.74075e+09 0.0220696 0.0198957 0.000821448 0.999999 -0.000504099 -9.02398e-05 -0.00158811
1.74075e+09 0.0222051 0.0180362 0.000883806 0.999999 -0.000240586 0.000169445 -0.00165376
1.74075e+09 0.0221098 0.0162489 0.000180188 0.999998 -0.000235357 2.3338e-05 -0.00173865
1.74075e+09 0.022991 0.0141091 9.66819e-05 0.999998 -0.000530907 -0.000362823 -0.00166436
1.74075e+09 0.0218767 0.0141766 0.00148538 0.999998 -0.00041062 -5.51989e-05 -0.00196546
1.74075e+09 0.0219379 0.0134774 0.0016361 0.999998 -0.000478571 -0.000223837 -0.00216892
1.74075e+09 0.0209255 0.0144912 0.0025229 0.999999 -0.000350299 4.36064e-05 -0.0014738
1.74075e+09 0.0208942 0.0160444 0.00240069 0.999998 -0.000594649 7.16501e-05 -0.00165373
1.74075e+09 0.0208199 0.0174907 0.00265076 0.999998 -0.000416646 6.26351e-06 -0.00175029
1.74075e+09 0.0213157 0.0170037 0.00281132 0.999999 -0.000741746 0.000210804 -0.00141297
1.74075e+09 0.0214776 0.0175229 0.00309278 0.999999 -0.000494497 -1.0756e-05 -0.00158536
1.74075e+09 0.0209564 0.0163677 0.00258311 0.999999 -0.000422543 0.000119232 -0.00131891
1.74075e+09 0.021155 0.0211959 0.00192458 0.999998 -0.000623026 -7.27815e-05 -0.00171655
1.74075e+09 0.0215502 0.0164179 0.00214428 0.999998 -0.000693227 -0.000161283 -0.00183962
1.74075e+09 0.0215252 0.018082 0.00162246 0.999998 -0.00066091 -6.53274e-06 -0.00168356
1.74075e+09 0.0204713 0.0162311 0.00165119 0.999998 -0.000423297 -0.000117214 -0.00206367
1.74075e+09 0.0201615 0.0160094 0.00127407 0.999998 -0.000517168 8.57351e-05 -0.00166854
1.74075e+09 0.0208117 0.0154166 0.000310992 0.999998 -0.000431652 -3.56156e-05 -0.00185269
1.74075e+09 0.0220467 0.0138592 0.00121587 0.999998 -0.000526579 0.000114983 -0.00192169
1.74075e+09 0.0240658 0.0146334 0.000450629 0.999998 -0.000708928 8.22429e-05 -0.00158735
1.74075e+09 0.0229164 0.0158484 0.00112553 0.999998 -0.000504809 -4.46518e-05 -0.0017142
1.74075e+09 0.0218667 0.0181473 0.00119556 0.999998 -0.000805096 -1.68859e-07 -0.0019223
1.74075e+09 0.0230296 0.0160567 0.00118023 0.999999 -0.000497051 3.86161e-06 -0.00143043
1.74075e+09 0.0225357 0.017993 0.00050149 0.999998 -0.000599479 -9.39295e-06 -0.00166498
1.74075e+09 0.0218833 0.0188363 0.00191173 0.999999 -0.000677605 2.01175e-05 -0.0015678
1.74075e+09 0.0209801 0.0206934 0.00260534 0.999999 -0.000559452 2.79245e-05 -0.0016357
1.74075e+09 0.0205906 0.0209015 0.00310013 0.999998 -0.000854909 -0.000160975 -0.00160294
1.74075e+09 0.0201565 0.0229769 0.00321153 0.999998 -0.000444627 -2.70079e-05 -0.00173465
1.74075e+09 0.0217168 0.0209332 0.00274389 0.999998 -0.000449927 0.000176765 -0.00171906
1.74075e+09 0.0233737 0.0179005 0.00167289 0.999998 -0.000344744 -8.51285e-06 -0.00182018
1.74075e+09 0.0230282 0.0174441 0.00159021 0.999998 -0.000331395 1.03909e-05 -0.00194386
1.74075e+09 0.0215012 0.0145259 0.00157491 0.999998 -0.000406784 -4.9528e-05 -0.00185778
1.74075e+09 0.0203551 0.016336 0.00196636 0.999998 -0.000522369 -0.000131973 -0.00175649
1.74075e+09 0.0218772 0.0136684 0.000366997 0.999999 -0.000336095 -4.29006e-05 -0.00169281
1.74075e+09 0.022734 0.0154577 -0.000223431 0.999998 -0.000545159 -4.83032e-06 -0.00167102
1.74075e+09 0.0241016 0.0146355 -0.00182391 0.999998 -0.000440081 -0.00024322 -0.00185043
1.74075e+09 0.023267 0.0158934 -0.00109532 0.999999 -0.000404782 8.3766e-06 -0.00162441
1.74075e+09 0.0213099 0.0173803 0.000901852 0.999998 -0.000512653 -9.44941e-05 -0.00178627
1.74075e+09 0.0206546 0.0170291 0.00173269 0.999998 -0.000567328 -0.000290806 -0.00170622
1.74075e+09 0.0209852 0.015967 0.0028368 0.999998 -0.000580611 1.74732e-05 -0.00200391
1.74075e+09 0.0223893 0.0153009 0.0024851 0.999998 -0.000578326 -0.00015539 -0.00188599
1.74075e+09 0.0215217 0.0155076 0.00485896 0.999999 -0.000254219 6.57529e-05 -0.00167889
1.74075e+09 0.0213951 0.0151414 0.00367173 0.999998 -0.000553713 0.000149836 -0.0016532
1.74075e+09 0.0213385 0.0159074 0.00307279 0.999998 -0.0007467 -7.24191e-05 -0.00171853
1.74075e+09 0.0219189 0.0152146 0.00181806 0.999998 -0.000737666 -6.77745e-05 -0.00192362
1.74075e+09 0.0227806 0.0168319 0.00119824 0.999999 -0.000647822 1.16336e-06 -0.00134006
1.74075e+09 0.0217349 0.0164928 0.00145158 0.999998 -0.000664974 0.000136415 -0.0018656
1.74075e+09 0.0217985 0.0206917 0.000474043 0.999998 -0.000771934 -0.000125954 -0.0015488
1.74075e+09 0.0213459 0.0225278 0.000482277 0.999998 -0.00049739 0.00013212 -0.00170935
1.74075e+09 0.0215153 0.0194247 0.00114515 0.999998 -0.000660173 -0.000236496 -0.00170379
1.74075e+09 0.0221085 0.018324 0.00116855 0.999999 -0.000443436 -3.95681e-05 -0.00166885
1.74075e+09 0.0216419 0.0164602 0.000868268 0.999999 -0.000423453 -7.46866e-06 -0.00152166
1.74075e+09 0.0210462 0.0165148 0.00149609 0.999998 -0.000422662 3.57459e-05 -0.00171741
1.74075e+09 0.0219559 0.0177394 0.00116715 0.999999 -0.000604179 0.000159247 -0.00155567
1.74075e+09 0.0214419 0.017222 0.00173251 0.999998 -0.000480009 0.000124425 -0.00177577
1.74075e+09 0.0217855 0.0172742 0.00170017 0.999998 -0.000600214 -0.00020911 -0.00180155
1.74075e+09 0.0212571 0.0163497 0.00250396 0.999998 -0.000636294 -5.27494e-07 -0.00174028
1.74075e+09 0.0211641 0.0174677 0.00220833 0.999998 -0.000618015 -2.37999e-05 -0.00167693
1.74075e+09 0.0214713 0.0182852 0.00358586 0.999999 -0.000344401 -7.62436e-05 -0.00148462
1.74075e+09 0.0216701 0.0191015 0.00342541 0.999999 -0.00056411 -2.69053e-05 -0.00162151
1.74075e+09 0.0210252 0.0188851 0.003263 0.999998 -0.00048216 0.000166061 -0.00190715
1.74075e+09 0.0211317 0.0136594 0.00375093 0.999998 -0.000449481 0.000118881 -0.00190443
1.74075e+09 0.0222565 0.0161711 0.00194205 0.999998 -0.000428982 -0.000227544 -0.00202981
1.74075e+09 0.0215801 0.0138599 0.00210517 0.999998 -0.000270648 8.66393e-05 -0.00185741
1.74075e+09 0.0219818 0.0161151 0.00164754 0.999998 -0.000610288 -0.000126325 -0.00177233
1.74075e+09 0.0213575 0.0151125 0.000797507 0.999998 -0.000640421 -5.49387e-05 -0.00167247
1.74075e+09 0.0207775 0.0170359 0.000790321 0.999998 -0.000543781 -0.000178618 -0.00187666
1.74075e+09 0.0210792 0.0162208 0.000275209 0.999998 -0.000289629 -0.000144881 -0.00184885
1.74075e+09 0.0217501 0.0188635 0.00167229 0.999999 -0.000650391 -7.43975e-05 -0.00157213
1.74075e+09 0.0231287 0.0174905 0.00073641 0.999998 -0.000508865 -0.000121593 -0.0017321
1.74075e+09 0.0220927 0.0174336 0.00193543 0.999998 -0.000544971 4.39986e-05 -0.00172097
1.74075e+09 0.021779 0.0189639 0.000876817 0.999999 -0.000526305 0.000129438 -0.00158839
1.74075e+09 0.0219237 0.0197076 0.000581233 0.999999 -0.000504433 0.000110966 -0.00154301
1.74075e+09 0.023276 0.0188726 1.54524e-06 0.999998 -0.000635044 -0.000169713 -0.00176359
1.74075e+09 0.0234767 0.0175165 0.000552373 0.999998 -0.000626818 -0.000192957 -0.00164104
1.74075e+09 0.023861 0.0170349 0.000299958 0.999998 -0.000752515 -0.000237589 -0.00176859
1.74075e+09 0.023017 0.0163058 0.00107959 0.999998 -0.000725425 -0.000273932 -0.00185141
1.74075e+09 0.0214845 0.0188001 0.00212173 0.999999 -0.000467154 -0.000122761 -0.00146753
1.74075e+09 0.0212094 0.0199225 0.00313147 0.999998 -0.000677683 5.92049e-05 -0.00161614
1.74075e+09 0.0207865 0.0186475 0.00213084 0.999999 -0.000573471 -5.84251e-05 -0.00146848
1.74075e+09 0.0194873 0.0189903 0.00255983 0.999999 -0.000560151 0.000130433 -0.00156787
1.74075e+09 0.0210079 0.0157443 0.000714737 0.999998 -0.00050218 0.00025004 -0.00203663
1.74075e+09 0.0225064 0.0183135 0.00135799 0.999998 -0.000625233 -8.16393e-05 -0.00167767
1.74075e+09 0.0237601 0.0178753 0.000884224 0.999998 -0.000492629 -5.81391e-05 -0.00183289
1.74075e+09 0.0226593 0.0191118 0.00162007 0.999998 -0.000527315 -0.000261257 -0.00169217
1.74075e+09 0.0219502 0.0174575 5.67659e-05 0.999999 -0.000544415 -0.00029043 -0.0015833
1.74075e+09 0.0205799 0.0173128 0.00140133 0.999998 -0.000576 7.90297e-05 -0.00191298
1.74075e+09 0.0200417 0.0173897 0.00149424 0.999998 -0.000538375 0.000109762 -0.00169617
1.74075e+09 0.0196543 0.0155467 0.00273096 0.999998 -0.00043851 9.99747e-05 -0.00182842
1.74075e+09 0.0203891 0.0173881 0.00232241 0.999999 -0.000439375 0.000324475 -0.00159759
1.74075e+09 0.0232809 0.0185418 0.000503467 0.999998 -0.000594589 -0.000394528 -0.0017227
1.74075e+09 0.0232738 0.0192485 0.00191297 0.999999 -0.000452758 1.25785e-05 -0.00160449
1.74075e+09 0.022318 0.0169814 0.00201197 0.999998 -0.000596965 -0.000155059 -0.00190313
1.74075e+09 0.0209706 0.0188675 0.00284321 0.999998 -0.000656562 -6.77421e-05 -0.00185187
1.74075e+09 0.020148 0.0209091 0.00256627 0.999999 -0.000541505 0.000229476 -0.0016191
1.74075e+09 0.0215395 0.0200994 0.0030004 0.999999 -0.000387409 0.000117491 -0.00153033
1.74075e+09 0.0213781 0.0192339 0.00156511 0.999999 -0.000406934 0.000132624 -0.00148813
1.74075e+09 0.0220266 0.0188256 0.000714794 0.999998 -0.000639387 -0.000138742 -0.00169123
1.74075e+09 0.0212721 0.0190728 -0.000218435 0.999998 -0.000415699 0.000151858 -0.00175348
1.74075e+09 0.0217751 0.0194472 0.000279362 0.999998 -0.00055772 -0.000245843 -0.00180683
1.74075e+09 0.0220361 0.0165686 0.000307589 0.999999 -0.000425219 -7.92505e-05 -0.0016192
1.74075e+09 0.0222168 0.0141499 0.000282024 0.999998 -0.0004785 -8.88417e-05 -0.00179355
1.74075e+09 0.0219761 0.013712 0.000534138 0.999998 -0.000655872 -7.45568e-05 -0.00172608
1.74075e+09 0.0209404 0.0129359 0.000954369 0.999998 -0.000433376 -8.40777e-05 -0.00189618
1.74075e+09 0.0206488 0.0161261 0.00253784 0.999998 -0.000515305 6.21226e-05 -0.00166365
1.74075e+09 0.0209908 0.0160485 0.00246512 0.999999 -0.000572092 6.517e-05 -0.00133709
1.74075e+09 0.0213839 0.0173866 0.00299046 0.999998 -0.000429353 6.03663e-05 -0.00191417
1.74075e+09 0.0220249 0.0190611 0.00142586 0.999998 -0.000607904 -0.000216758 -0.00171654
1.74075e+09 0.0226077 0.0185045 0.00177955 0.999998 -0.00055311 -0.000262139 -0.00195576
1.74075e+09 0.0213037 0.0180191 0.0028373 0.999998 -0.000535705 0.000174928 -0.0020705
1.74075e+09 0.0206496 0.0181345 0.0028313 0.999998 -0.000644254 -5.78924e-05 -0.00172725
1.74075e+09 0.0194 0.0168519 0.00307864 0.999998 -0.000477096 0.000224856 -0.00175263
1.74075e+09 0.0199295 0.0178821 0.00160056 0.999998 -0.000701702 2.07996e-05 -0.00174712
1.74075e+09 0.0208094 0.0164186 0.00111271 0.999999 -0.00043672 9.69295e-06 -0.00156793
1.74075e+09 0.0218108 0.0191264 0.000429756 0.999998 -0.000545045 -0.000217477 -0.001652
1.74075e+09 0.0217666 0.0169043 0.00065644 0.999999 -0.000358035 -4.89223e-05 -0.0016233
1.74075e+09 0.0213867 0.0129022 0.00143882 0.999998 -0.00051827 -3.16163e-05 -0.00209345
1.74075e+09 0.0208217 0.0119311 0.000312698 0.999998 -0.000488415 -0.000212986 -0.00200468
1.74075e+09 0.0205419 0.011811 0.000389514 0.999998 -0.000517445 -1.33078e-05 -0.00177979
1.74075e+09 0.0207201 0.0107578 0.000421753 0.999998 -0.000441686 -2.97846e-05 -0.00178793
1.74075e+09 0.0220182 0.012315 0.00108277 0.999999 -0.000507751 0.000213355 -0.00158875
1.74075e+09 0.0219407 0.0114356 0.00124163 0.999998 -0.000573975 -9.07462e-05 -0.00176911
1.74075e+09 0.0235063 0.0128805 0.00135799 0.999999 -0.000604203 -0.000149517 -0.00160079
1.74075e+09 0.0238594 0.0149843 0.000387298 0.999998 -0.000769288 -6.86103e-05 -0.00161319
1.74075e+09 0.0241645 0.0170123 0.00101258 0.999998 -0.000739534 -0.000195933 -0.00162723
1.74075e+09 0.0209121 0.018006 0.000680239 0.999998 -0.000426046 0.00013365 -0.00169149
1.74075e+09 0.0209092 0.0189026 0.00186724 0.999998 -0.000434138 6.62876e-05 -0.00181463
1.74075e+09 0.0207512 0.0209751 0.00201345 0.999999 -0.000341504 0.00024903 -0.00157749
1.74075e+09 0.0208639 0.0181279 0.00193249 0.999998 -0.000812483 6.69715e-05 -0.00168156
1.74075e+09 0.0228717 0.0179382 0.000508279 0.999998 -0.000349648 6.98817e-05 -0.00178923
1.74075e+09 0.0240315 0.0175577 0.00199304 0.999998 -0.000569408 -0.000202371 -0.00165321
1.74075e+09 0.0231878 0.0152614 0.00109356 0.999998 -0.00062665 -0.000254083 -0.00162077
1.74075e+09 0.0221977 0.0144087 0.00157274 0.999998 -0.000540347 -9.65643e-05 -0.0017292
1.74075e+09 0.0207344 0.0164372 0.00101134 0.999998 -0.000565245 1.20441e-05 -0.00180608
1.74075e+09 0.021777 0.0212674 0.00112453 0.999998 -0.000701498 -1.81002e-05 -0.00164286
1.74075e+09 0.0217186 0.0175886 -3.30217e-05 0.999998 -0.000547289 -1.89956e-05 -0.00200707
1.74075e+09 0.0207865 0.0160394 0.000393089 0.999999 -0.000526952 0.000132443 -0.00148651
1.74075e+09 0.0211869 0.01656 0.000690194 0.999998 -0.000660153 -2.30081e-05 -0.00175206
1.74075e+09 0.0221979 0.0155224 0.000240023 0.999999 -0.000729474 -0.000115118 -0.00153623
1.74075e+09 0.0221977 0.0172919 0.00156403 0.999998 -0.000698232 -4.23165e-05 -0.0019493
1.74075e+09 0.0214304 0.0154625 0.00160096 0.999998 -0.000526947 -0.000210653 -0.00171469
1.74075e+09 0.0210495 0.0158658 0.00353729 0.999998 -0.000532401 0.000165161 -0.00164797
1.74075e+09 0.023117 0.0164461 0.00194428 0.999998 -0.000773616 -0.000218974 -0.00169444
1.74075e+09 0.023988 0.0176739 0.00100865 0.999999 -0.000480638 -9.26645e-05 -0.00154833
1.74075e+09 0.0232599 0.0197054 0.00198035 0.999999 -0.000414287 -1.92574e-06 -0.00165871
1.74075e+09 0.0213608 0.018737 0.00311647 0.999999 -0.000527413 0.000144089 -0.00162123
1.74075e+09 0.0212434 0.0181968 0.00211343 0.999998 -0.00047174 -7.66875e-05 -0.00174119
1.74075e+09 0.021235 0.0199048 0.00206394 0.999999 -0.000547023 -3.35964e-05 -0.00161398
1.74075e+09 0.0210919 0.0155126 0.00205382 0.999998 -0.000359991 -9.52014e-05 -0.00186379
1.74075e+09 0.0221833 0.0178573 0.00154713 0.999999 -0.000525585 -0.000122139 -0.00161371
1.74075e+09 0.0226911 0.0147664 0.00158019 0.999999 -0.000338883 3.01502e-05 -0.0015687
1.74075e+09 0.0226452 0.0171797 0.000645143 0.999998 -0.000595937 -0.000127979 -0.00171049
1.74075e+09 0.0219967 0.0171235 0.000622165 0.999998 -0.00038558 0.000145829 -0.0019644
1.74075e+09 0.0213756 0.014244 -0.000554711 0.999999 -0.000616965 -0.000167705 -0.00159298
1.74075e+09 0.019869 0.015736 0.000442234 0.999998 -0.000565321 2.51238e-05 -0.00188965
1.74075e+09 0.0209527 0.0130867 4.56573e-05 0.999998 -0.000564336 -0.000167324 -0.00178271
1.74075e+09 0.0204942 0.0143376 0.00197152 0.999998 -0.00049533 6.34869e-05 -0.0017721
1.74075e+09 0.0208392 0.0135754 0.00111814 0.999999 -0.000348666 8.39895e-05 -0.00159975
1.74075e+09 0.0218034 0.0154152 0.00251244 0.999998 -0.000408574 2.0607e-05 -0.00181717
1.74075e+09 0.0210089 0.0179237 0.00256634 0.999999 -0.000594023 0.000101452 -0.00148241
1.74075e+09 0.021063 0.0189888 0.00286482 0.999998 -0.000737634 9.59531e-05 -0.00172914
1.74075e+09 0.0214178 0.01774 0.00356041 0.999998 -0.000495568 5.4345e-06 -0.00178897
1.74075e+09 0.0220742 0.0172919 0.00241578 0.999998 -0.000390301 -0.000154938 -0.00192196
1.74075e+09 0.0218334 0.0157226 0.00142085 0.999998 -0.000391361 -0.000108798 -0.00189239
1.74075e+09 0.0225622 0.0168867 0.0011574 0.999998 -0.000620919 -0.000185074 -0.00170619
1.74075e+09 0.0222728 0.0126626 0.00177402 0.999998 -0.000387708 -3.96736e-05 -0.00193127
1.74075e+09 0.0223455 0.0132267 0.00186222 0.999998 -0.000461302 -5.03028e-05 -0.00187268
1.74075e+09 0.0219393 0.0123531 0.00144374 0.999998 -0.000353515 -8.70741e-05 -0.00184037
1.74075e+09 0.0218209 0.0162507 0.00183339 0.999998 -0.000518631 7.5221e-05 -0.00194267
1.74075e+09 0.0245381 0.0153934 -0.000147154 0.999998 -0.000296722 -0.000432275 -0.00166063
1.74075e+09 0.0242529 0.0159674 -0.000782112 0.999999 -0.000468157 -0.00013836 -0.00156866
1.74075e+09 0.0237107 0.0162298 0.000505343 0.999998 -0.000702893 -0.000469888 -0.00165391
1.74075e+09 0.0234324 0.0173954 0.00111222 0.999998 -0.000486777 -0.000126465 -0.0017368
1.74075e+09 0.0239599 0.0190082 -0.000489724 0.999998 -0.000456558 4.38017e-05 -0.0017303
1.74075e+09 0.0246977 0.0189432 0.000208977 0.999999 -0.000655124 -0.000254533 -0.00151762
1.74075e+09 0.0241503 0.019152 -0.000408035 0.999998 -0.000426727 0.000114385 -0.00176844
1.74075e+09 0.0232248 0.0176474 0.00162648 0.999998 -0.000610318 -0.000254818 -0.00166388
1.74075e+09 0.0222807 0.0180787 0.00184699 0.999998 -0.000436926 -0.000335331 -0.00180715
1.74075e+09 0.0210299 0.0161809 0.00321122 0.999998 -0.000623565 -1.8646e-05 -0.00190535
1.74075e+09 0.0221772 0.0171895 0.00226437 0.999998 -0.000442312 -5.44231e-06 -0.00175635
1.74075e+09 0.0224545 0.015716 0.00222606 0.999998 -0.000529682 -0.000147027 -0.00167069
1.74075e+09 0.0243602 0.0171002 0.000951276 0.999998 -0.000340183 -8.57602e-05 -0.00207735
1.74075e+09 0.0239189 0.0179529 0.00120678 0.999999 -0.000493571 -4.23741e-05 -0.00162846
1.74075e+09 0.0233407 0.0138587 0.000339599 0.999998 -0.000441739 -1.53981e-05 -0.00205437
1.74075e+09 0.0224619 0.0156541 0.00149867 0.999999 -0.000711371 -0.000162058 -0.00150472
1.74075e+09 0.0230971 0.0166975 0.000851586 0.999999 -0.00039732 6.84274e-06 -0.00144913
1.74075e+09 0.0231336 0.0181688 2.59076e-05 0.999998 -0.000499386 -1.37569e-06 -0.00172539
1.74075e+09 0.023406 0.0169201 -0.000532195 0.999999 -0.000491348 -0.000150725 -0.00157338
1.74075e+09 0.0233371 0.0183063 0.000361294 0.999999 -0.000577565 -7.41142e-05 -0.00149424
1.74075e+09 0.0229971 0.0159669 0.000761509 0.999998 -0.000439356 6.33267e-05 -0.00189245
1.74075e+09 0.0228027 0.0163204 0.000684041 0.999998 -0.000722775 -0.000287337 -0.00159449
1.74075e+09 0.0226958 0.0147351 0.00220243 0.999998 -0.00037324 0.000162041 -0.00173762
1.74075e+09 0.0225107 0.0143826 0.00203746 0.999998 -0.000421424 2.86758e-05 -0.00185871
1.74075e+09 0.0227027 0.0162714 0.00232826 0.999998 -0.000475642 1.43814e-05 -0.00170713
1.74075e+09 0.0235234 0.0181162 0.00211355 0.999999 -0.000585558 -1.36891e-05 -0.00124106
1.74075e+09 0.0229264 0.0171994 0.00287922 0.999998 -0.000675193 8.02068e-05 -0.00190858
1.74075e+09 0.0232293 0.0168136 0.00246312 0.999998 -0.000400041 2.3311e-06 -0.00182447
1.74075e+09 0.0230428 0.0153774 0.00239597 0.999998 -0.000584397 -0.000108902 -0.00168216
1.74075e+09 0.0224107 0.0146627 0.000482416 0.999998 -0.000512476 1.13624e-05 -0.00176247
1.74075e+09 0.0226691 0.0163017 0.000233608 0.999998 -0.000610511 -0.000106884 -0.00171106
1.74075e+09 0.0227264 0.0158886 0.000189503 0.999998 -0.000460437 8.30781e-05 -0.00177045
1.74075e+09 0.0234651 0.0143637 0.000898402 0.999998 -0.000491227 -0.000171699 -0.00177636
1.74075e+09 0.0231125 0.0142042 4.82668e-06 0.999998 -0.000518627 3.75035e-05 -0.00166141
1.74075e+09 0.0223799 0.0182984 -0.00113538 0.999998 -0.000927931 -0.000279907 -0.00153357
1.74075e+09 0.0217887 0.0192152 0.000292909 0.999998 -0.000333055 0.000124037 -0.00177628
1.74075e+09 0.0220888 0.0191897 0.00142016 0.999999 -0.000510457 2.00561e-05 -0.0015495
1.74075e+09 0.0208404 0.0190583 0.00299493 0.999998 -0.000537115 0.000196368 -0.00173566
1.74075e+09 0.0220586 0.018292 0.00179302 0.999999 -0.00063525 -8.47268e-05 -0.00155043
1.74075e+09 0.0226734 0.0173529 0.00243573 0.999998 -0.000549472 4.99333e-05 -0.00209315
1.74075e+09 0.0228511 0.0173702 0.00184956 0.999998 -0.000618106 -8.0495e-05 -0.00178774
1.74075e+09 0.0231079 0.0180266 0.00101496 0.999998 -0.00071408 -0.000213151 -0.00161741
1.74075e+09 0.0225207 0.0164584 0.00194932 0.999998 -0.000463044 0.000166191 -0.00188369
1.74075e+09 0.0216819 0.0181439 0.00200937 0.999998 -0.000463068 0.000121656 -0.00186067
1.74075e+09 0.0208695 0.0166192 0.0025656 0.999998 -0.000249781 -4.19523e-05 -0.00211734
1.74075e+09 0.0217623 0.0189658 0.00251614 0.999998 -0.000690846 -0.000154042 -0.00162144
1.74075e+09 0.0214491 0.0173827 0.00196217 0.999999 -0.00057958 0.000196768 -0.00132461
1.74075e+09 0.0226414 0.0198993 0.00143782 0.999998 -0.000537913 -0.000189777 -0.00166897
1.74075e+09 0.0222758 0.0166267 0.00057053 0.999998 -0.00054956 -0.000220928 -0.00178492
1.74075e+09 0.0216229 0.0174022 0.0013081 0.999998 -0.000466218 2.62298e-05 -0.00181616
1.74075e+09 0.0228117 0.0168583 -0.000282537 0.999998 -0.000461359 4.85619e-06 -0.00171727
1.74075e+09 0.0218359 0.017323 0.000191904 0.999998 -0.000444002 -0.000132044 -0.00189098
1.74075e+09 0.0216935 0.0164121 0.00145009 0.999998 -0.000568529 -0.00023252 -0.00193499
1.74075e+09 0.0233715 0.0183663 0.00207437 0.999999 -0.000550853 4.36591e-05 -0.00163598
1.74075e+09 0.0239893 0.0166711 0.000267556 0.999998 -0.000724947 -6.41085e-05 -0.00164041
1.74075e+09 0.0246127 0.0171151 0.000789457 0.999999 -0.000530911 -0.000151039 -0.00142887
1.74075e+09 0.024616 0.0188443 -0.000618838 0.999999 -0.000558838 -0.000155658 -0.00160562
1.74075e+09 0.0224171 0.0181783 0.000544292 0.999998 -0.000650979 -0.00022872 -0.00176629
1.74075e+09 0.0212992 0.0178003 0.00100458 0.999998 -0.000570789 -0.000154355 -0.00183523
1.74075e+09 0.0216581 0.015889 0.00235821 0.999998 -0.000476565 6.68349e-05 -0.00186908
1.74075e+09 0.0233314 0.0170771 0.00155842 0.999999 -0.000508856 1.67526e-05 -0.00152994
1.74075e+09 0.0228737 0.0194045 0.00257503 0.999999 -0.000590784 -7.18253e-05 -0.00151471
1.74075e+09 0.024565 0.0199941 0.00140842 0.999998 -0.000394763 -6.65468e-05 -0.0017863
1.74075e+09 0.0249287 0.0209315 0.0010288 0.999998 -0.000454584 -0.00034595 -0.00163995
1.74075e+09 0.0241412 0.0193946 0.000647789 0.999998 -0.000474458 -0.000189412 -0.00171251
1.74075e+09 0.0240901 0.0181246 0.000293119 0.999999 -0.000559736 -0.000273995 -0.00157762
1.74075e+09 0.0220968 0.0156982 0.000168164 0.999998 -0.000377904 -0.000144938 -0.00190771
1.74075e+09 0.0219623 0.0177513 0.000696689 0.999998 -0.00052725 6.04942e-05 -0.00166919
1.74075e+09 0.0214239 0.0159964 0.000304724 0.999998 -0.000599544 -0.000226236 -0.00204866
1.74075e+09 0.0206404 0.0153663 7.2629e-05 0.999999 -0.000535616 -0.000119565 -0.00164037
1.74075e+09 0.0213255 0.015111 0.00216114 0.999998 -0.000689026 -7.22178e-05 -0.00197454
1.74075e+09 0.0235641 0.0159767 0.00116155 0.999998 -0.000412809 -0.000177668 -0.00178717
1.74075e+09 0.0232329 0.0153117 0.00295075 0.999998 -0.000459454 0.00011581 -0.00190119
1.74075e+09 0.0239302 0.0173462 0.00112827 0.999999 -0.000544076 -0.000261278 -0.00152078
1.74075e+09 0.0239747 0.018974 0.000953585 0.999998 -0.000525785 -0.000190444 -0.00170737
1.74075e+09 0.0235589 0.0194845 0.000150864 0.999998 -0.000764387 6.78714e-05 -0.00175408
1.74075e+09 0.0231672 0.020397 0.000173965 0.999999 -0.000633751 -7.08548e-05 -0.00138282
1.74075e+09 0.0225699 0.0187442 0.000840803 0.999999 -0.000466555 8.87668e-05 -0.0015688
1.74075e+09 0.0226311 0.0157598 0.00142582 0.999998 -0.000459217 -0.000314349 -0.00164664
1.74075e+09 0.0229672 0.0154655 0.000557985 0.999998 -0.000553847 -0.000476401 -0.00176397
1.74075e+09 0.0226418 0.0196502 0.00165204 0.999998 -0.00052668 8.63427e-05 -0.00173976
1.74075e+09 0.0227893 0.0176 0.00278548 0.999998 -0.000552267 -0.000203773 -0.00189888
1.74075e+09 0.0227844 0.0199056 0.00218958 0.999999 -0.000463235 -0.00015553 -0.00162876
1.74075e+09 0.0228924 0.0156655 0.00173984 0.999998 -0.000644258 -0.000241607 -0.00207052
1.74075e+09 0.0236188 0.0174508 0.00109647 0.999999 -0.000670712 -0.000171755 -0.00156406
1.74075e+09 0.0241881 0.015313 -0.00117901 0.999998 -0.000538077 -0.000747612 -0.0020122
1.74075e+09 0.0224711 0.0167822 -0.00203059 0.999999 -0.000560619 -0.000242127 -0.00140557
1.74075e+09 0.0217454 0.0178804 0.000892265 0.999998 -0.000580283 2.14455e-05 -0.0017336
1.74075e+09 0.0226058 0.0148722 0.00128249 0.999998 -0.00058605 -0.000336284 -0.00169711
1.74075e+09 0.0228319 0.0165736 0.0033677 0.999999 -0.000550768 0.000150859 -0.00143964
1.74075e+09 0.0222983 0.0180545 0.00344035 0.999998 -0.000573663 -1.46361e-05 -0.00169807
1.74075e+09 0.0229787 0.0162633 0.00304993 0.999998 -0.00072812 -0.000269745 -0.00158136
1.74075e+09 0.0218256 0.0162818 0.00266459 0.999998 -0.000553636 2.54957e-05 -0.00174396
1.74075e+09 0.0221799 0.0180692 0.00139931 0.999999 -0.000605415 -0.000278492 -0.0012657
1.74075e+09 0.021376 0.0180703 0.0023281 0.999998 -0.000490603 0.000134909 -0.00179394
1.74075e+09 0.021599 0.019562 0.00122212 0.999998 -0.000514131 -0.000268138 -0.00177671
1.74075e+09 0.0235925 0.0221418 -0.000728777 0.999998 -0.000630325 -0.00126648 -0.00159608
1.74075e+09 0.0233935 0.0203904 0.00066589 0.999998 -0.000567888 -0.000240929 -0.0017806
1.74075e+09 0.0238506 0.0185234 -0.000670621 0.999998 -0.000662898 -0.000948176 -0.00150645
1.74075e+09 0.0224752 0.0162788 0.000457806 0.999998 -0.000667205 -0.000293548 -0.00195167
1.74075e+09 0.0228548 0.0140974 -0.00159179 0.999998 -0.000599457 -0.000700268 -0.00191489
1.74075e+09 0.0219448 0.0139153 0.000392427 0.999998 -0.000498428 -3.24018e-05 -0.00167983
1.74075e+09 0.0217995 0.0153889 -0.000233409 0.999998 -0.000750835 -0.000680178 -0.00158249
1.74075e+09 0.0182138 0.0154573 0.00295777 0.999998 -0.00017636 0.00119741 -0.00167831
1.74075e+09 0.0198413 0.0156383 0.00260107 0.999998 -0.000619513 0.000340817 -0.00187372
1.74075e+09 0.0221233 0.0179665 0.00221909 0.999998 -0.000719066 -0.000104257 -0.00163751
1.74075e+09 0.022527 0.0186806 0.00195879 0.999998 -0.000514628 0.000106013 -0.00168429
1.74075e+09 0.0237996 0.0178491 0.00208812 0.999998 -0.000560044 -9.73718e-05 -0.00173007
1.74075e+09 0.0245425 0.0205398 0.00190797 0.999998 -0.000403144 -3.85649e-05 -0.00182209
1.74075e+09 0.0236851 0.0188182 0.00246996 0.999998 -0.000383171 -7.12915e-05 -0.00184086
1.74075e+09 0.0241676 0.0177094 0.00250933 0.999998 -0.000525489 -0.00018457 -0.00168908
1.74075e+09 0.0237504 0.0149506 0.0028072 0.999999 -0.000544769 -8.24311e-05 -0.00156343
1.74075e+09 0.0223944 0.0163844 0.0020106 0.999998 -0.000527265 3.21528e-05 -0.00166023
1.74075e+09 0.0201588 0.0207127 0.0028944 0.999999 -0.000442571 7.41918e-05 -0.00159325
1.74075e+09 0.0213959 0.0198931 0.00133037 0.999999 -0.000465101 4.66977e-05 -0.00165196
1.74075e+09 0.0222447 0.0199109 0.000533872 0.999998 -0.000462985 -6.47129e-06 -0.0017441
1.74075e+09 0.0222637 0.0180204 0.000146883 0.999998 -0.000449108 2.35412e-05 -0.00193157
1.74075e+09 0.022692 0.0158519 0.000692558 0.999998 -0.000525759 -0.00012539 -0.00176352
1.74075e+09 0.0231667 0.0143517 0.000832681 0.999999 -0.000310158 0.000166839 -0.00159092
1.74075e+09 0.0231674 0.0129167 0.00103784 0.999998 -0.000617657 -0.000116056 -0.00186109
1.74075e+09 0.0210889 0.0130793 0.00215877 0.999998 -0.000569083 4.17062e-05 -0.00176858
1.74075e+09 0.0218603 0.0184315 0.000754823 0.999999 -0.000798605 -0.000721793 -0.000887076
1.74075e+09 0.0214403 0.0186487 0.00174224 0.999998 -0.000683675 0.000173095 -0.00171398
1.74075e+09 0.0222412 0.0181566 0.00158219 0.999998 -0.000545443 -0.000205563 -0.00192625
1.74075e+09 0.0231196 0.0167736 0.00249056 0.999998 -0.000527902 2.09834e-05 -0.0018896
1.74075e+09 0.0227505 0.017041 0.00189657 0.999998 -0.000506466 -0.000108764 -0.00187058
1.74075e+09 0.0234625 0.0163812 0.00296083 0.999998 -0.000634843 -0.000127608 -0.00191642
1.74075e+09 0.0228794 0.0153326 0.00247098 0.999998 -0.000619773 -0.000176827 -0.0019217
1.74075e+09 0.0221294 0.0155181 0.00310168 0.999998 -0.000577569 0.000108946 -0.00173642
1.74075e+09 0.0208072 0.0166457 0.00231621 0.999998 -0.000457749 1.1618e-06 -0.00187907
1.74075e+09 0.0175755 0.020513 0.00417631 0.999997 -0.000130678 0.00137322 -0.0020699
1.74075e+09 0.0190519 0.0187033 0.00339934 0.999998 -0.000484251 0.000139973 -0.00205386
1.74075e+09 0.0211724 0.020797 0.0014993 0.999999 -0.000761959 -0.000226019 -0.00134914
1.74075e+09 0.0223502 0.0210558 0.000254588 0.999998 -0.000456478 -7.21652e-05 -0.00167606
1.74075e+09 0.0225282 0.0215017 0.000485792 0.999999 -0.00040103 0.000116965 -0.00168057
1.74075e+09 0.0222694 0.0196818 0.000564291 0.999998 -0.000525304 6.01076e-05 -0.00173208
1.74075e+09 0.021188 0.0218754 0.00120948 0.999999 -0.000644309 0.000103948 -0.00159678
1.74075e+09 0.0205739 0.02085 0.00237164 0.999999 -0.000489771 6.78808e-06 -0.00159585
1.74075e+09 0.0218537 0.0197211 0.00320387 0.999998 -0.000796974 -0.000217166 -0.00162054
1.74075e+09 0.0220297 0.0184631 0.00354133 0.999998 -0.000387181 0.000130912 -0.00189147
1.74075e+09 0.021842 0.0185281 0.00396688 0.999998 -0.000478316 0.000178249 -0.00171693
1.74075e+09 0.0213646 0.0174781 0.00444345 0.999998 -0.000529792 9.22282e-05 -0.00187789
1.74075e+09 0.0209252 0.0181511 0.00379258 0.999998 -0.000644216 2.94781e-06 -0.00166977
1.74075e+09 0.0212264 0.0190827 0.00320957 0.999998 -0.000625155 6.64586e-05 -0.00163849
1.74075e+09 0.0209515 0.0194411 0.00291908 0.999998 -0.000369162 0.000145928 -0.00175124
1.74075e+09 0.0213695 0.0213569 0.0019807 0.999998 -0.000577533 5.75382e-05 -0.00177508
1.74075e+09 0.0205632 0.0196792 0.00220549 0.999998 -0.000321451 0.00022314 -0.00190934
1.74075e+09 0.0207355 0.0225384 0.00165441 0.999998 -0.000332453 -7.41159e-05 -0.00199647
1.74075e+09 0.0199694 0.0204404 0.00182907 0.999999 -0.000441176 8.63915e-05 -0.00166192
1.74075e+09 0.0203454 0.020054 0.00154238 0.999998 -0.000480127 2.10852e-05 -0.001754
1.74075e+09 0.0211869 0.0180331 0.000690002 0.999998 -0.000554417 -0.000207402 -0.001831
1.74075e+09 0.0213813 0.0161915 0.00130087 0.999998 -0.000413038 0.000172052 -0.00182751
1.74075e+09 0.0226064 0.0156874 0.000763605 0.999999 -0.000511765 -0.000129324 -0.00151749
1.74075e+09 0.0248615 0.0173382 0.00100308 0.999998 -0.000379435 -3.26724e-05 -0.00172687
1.74075e+09 0.0245385 0.0154301 0.00189465 0.999998 -0.000674975 1.03806e-05 -0.0018507
1.74075e+09 0.0239686 0.0146323 0.00221697 0.999999 -0.000577424 -0.000137143 -0.00135753
1.74075e+09 0.0228249 0.0144071 0.0020538 0.999998 -0.00050991 5.20127e-05 -0.00172781
1.74075e+09 0.0230186 0.0146357 0.0029871 0.999998 -0.000659302 -0.0001026 -0.00212493
1.74075e+09 0.0244524 0.016969 0.00202805 0.999999 -0.000513315 -0.000310701 -0.00161558
1.74075e+09 0.0232101 0.0172802 0.00263299 0.999998 -0.000531428 8.83229e-05 -0.00203875
1.74075e+09 0.0235071 0.0158513 0.00237021 0.999998 -0.000435158 2.25849e-05 -0.00187698
1.74075e+09 0.0238303 0.0145606 0.00272899 0.999998 -0.000722776 -9.17037e-05 -0.00182981
1.74075e+09 0.0227354 0.0164305 0.00217458 0.999998 -0.000508193 -0.000183482 -0.00183074
1.74075e+09 0.0221443 0.017096 0.00221864 0.999999 -0.000507549 2.53357e-05 -0.0015185
1.74075e+09 0.0209684 0.0167245 0.000719719 0.999998 -0.000374408 0.000112503 -0.00175962
1.74075e+09 0.0196234 0.0190059 0.00265626 0.999998 -0.000184988 0.000997475 -0.00193862
1.74075e+09 0.020236 0.0170806 0.00207146 0.999998 -0.000530195 0.000239754 -0.00192517
1.74075e+09 0.0203211 0.0183293 0.00171906 0.999998 -0.000382932 8.87627e-05 -0.00190575
1.74075e+09 0.0209938 0.0188614 0.00194672 0.999998 -0.000102208 0.000457642 -0.00202668
1.74075e+09 0.0217225 0.0179326 0.00202605 0.999999 -0.000407298 5.33161e-05 -0.00158729
1.74075e+09 0.0203668 0.0182249 0.00305356 0.999998 -0.000231111 0.000398 -0.00177456
1.74075e+09 0.021133 0.0163818 0.00140496 0.999999 -0.000590885 -0.000119236 -0.00160119
1.74075e+09 0.0207981 0.0181542 0.00300464 0.999998 -0.000458419 0.000377101 -0.00164962
1.74075e+09 0.0223786 0.0174483 0.001333 0.999998 -0.000465082 -3.21076e-06 -0.00180912
1.74075e+09 0.0223088 0.0158912 0.0022068 0.999998 -0.000525266 -5.80329e-05 -0.00188804
1.74075e+09 0.0219341 0.0148136 0.00227702 0.999999 -0.000512287 0.000567816 -0.0014939
1.74075e+09 0.020078 0.0160613 0.00371882 0.999999 -0.000106113 0.000368304 -0.00157545
1.74075e+09 0.0199127 0.0171363 0.00394938 0.999998 -0.000518342 8.93536e-05 -0.00182497
1.74075e+09 0.0213526 0.0174388 0.00396861 0.999998 -0.000589801 -3.65691e-05 -0.00172616
1.74075e+09 0.0218499 0.0181366 0.00301895 0.999999 -0.000622094 -0.000184369 -0.00159549
1.74075e+09 0.0213324 0.0212266 0.00209499 0.999999 -0.000218131 0.000359818 -0.00166153
1.74075e+09 0.0211153 0.0197178 0.000968933 0.999997 -0.000441805 -9.22905e-06 -0.00225385
1.74075e+09 0.0208449 0.0185717 0.000985075 0.999998 -0.000378569 0.000128652 -0.00210625
1.74075e+09 0.0212463 0.0180173 0.00037364 0.999998 -0.00036415 0.00013915 -0.00177385
1.74075e+09 0.0221268 0.0188511 0.000837368 0.999998 -0.000459546 -0.000149748 -0.00183103
1.74075e+09 0.0214986 0.0171705 0.00191818 0.999999 -0.000321711 3.58786e-05 -0.00168345
1.74075e+09 0.0217607 0.0179097 0.00174517 0.999999 -0.000507796 6.78247e-05 -0.00142901
1.74075e+09 0.0215897 0.0164901 0.00274526 0.999998 -0.000485444 -7.76891e-05 -0.00180674
1.74075e+09 0.0220018 0.0150525 0.00328316 0.999997 -0.000498232 5.92379e-05 -0.0022268
1.74075e+09 0.0212604 0.0160473 0.00393052 0.999998 -0.000126458 0.000571467 -0.00194272
1.74075e+09 0.0210992 0.0171912 0.00320396 0.999999 -0.000379769 0.000175177 -0.00163908
1.74075e+09 0.0214506 0.0178294 0.00260563 0.999998 -0.000620543 -3.9464e-05 -0.00176603
1.74075e+09 0.0218229 0.0154065 0.00269923 0.999998 -0.000437032 -5.74307e-06 -0.00203123
1.74075e+09 0.0221721 0.0154388 0.00306901 0.999998 -0.000654591 -0.000302873 -0.00172306
1.74075e+09 0.0218034 0.0157654 0.00307643 0.999999 -0.000569379 -0.000225935 -0.0014264
1.74075e+09 0.021079 0.0180427 0.00227533 0.999998 -0.000409431 -0.000114827 -0.001993
1.74075e+09 0.0200026 0.0160511 0.00270233 0.999998 -0.000559141 -4.28645e-05 -0.00186944
1.74075e+09 0.0208239 0.0161681 0.0028628 0.999998 -0.000549056 -0.000114326 -0.00192746
1.74075e+09 0.0212064 0.0143889 0.0028486 0.999998 -0.000344819 7.59377e-05 -0.00200809
1.74075e+09 0.0216969 0.0164246 0.0017692 0.999998 -0.000372805 -9.71797e-05 -0.00193635
1.74075e+09 0.0219263 0.0153838 0.000912861 0.999998 -0.000560772 -0.000171592 -0.00183051
1.74075e+09 0.0231816 0.0139252 -3.38565e-05 0.999998 -0.000252993 0.000172828 -0.00191444
1.74075e+09 0.0215324 0.0143795 -0.000481827 0.999998 -0.000721192 -2.77227e-05 -0.00175429
1.74075e+09 0.0221833 0.0140623 0.000426612 0.999999 -0.000582745 -9.67557e-05 -0.00159785
1.74075e+09 0.0206901 0.0144586 3.09024e-05 0.999998 -0.000817634 0.000124775 -0.00160994
1.74075e+09 0.0218365 0.0124074 0.00118551 0.999998 -0.000358766 3.93627e-06 -0.00187954
1.74075e+09 0.0228877 0.0140906 0.00216786 0.999999 -0.000491112 0.00016837 -0.00153038
1.74075e+09 0.0235385 0.0150153 0.00302775 0.999999 -0.000553164 -3.48854e-05 -0.00155076
1.74075e+09 0.0232614 0.0183719 0.00255082 0.999998 -0.000497705 -2.72994e-05 -0.00178831
1.74075e+09 0.0226085 0.0178115 0.00283752 0.999998 -0.000329051 0.000132546 -0.00182388
1.74075e+09 0.02269 0.0210285 0.00147701 0.999999 -0.000510838 -0.000117889 -0.00146071
1.74075e+09 0.0204106 0.0203137 0.00247901 0.999999 -0.000469536 0.000130675 -0.00155309
1.74075e+09 0.021937 0.0202364 0.00182845 0.999998 -0.00050573 -4.30867e-05 -0.00189101
1.74075e+09 0.0214846 0.022626 0.00219008 0.999999 -0.000112327 0.000193884 -0.00143555
1.74075e+09 0.0214613 0.022821 0.00152554 0.999998 -0.00052107 -0.00010058 -0.0018163
1.74075e+09 0.0208947 0.0193617 0.00221782 0.999999 -0.000473641 -6.30247e-05 -0.00147173
1.74075e+09 0.0214801 0.0172692 0.00196133 0.999998 -0.000463256 7.23121e-05 -0.00184992
1.74075e+09 0.0218865 0.0167382 0.00104947 0.999999 -0.000462887 -4.82172e-05 -0.00162956
1.74075e+09 0.0213314 0.016123 0.0013226 0.999998 -0.000602873 1.45476e-05 -0.00168564
1.74075e+09 0.0223445 0.0144387 0.00110376 0.999998 -0.000533183 2.92793e-05 -0.00177377
1.74075e+09 0.02295 0.0164099 0.000688846 0.999998 -0.000686008 -0.000143207 -0.00185213
1.74075e+09 0.0215768 0.0157324 0.00142152 0.999999 -0.000492975 -7.7501e-05 -0.00153906
1.74075e+09 0.0206899 0.0164125 0.00355702 0.999998 -0.000456614 0.000112173 -0.00180648
1.74075e+09 0.0215542 0.0165917 0.00348637 0.999999 -0.000590788 -2.32438e-05 -0.00150267
1.74075e+09 0.0224627 0.0159179 0.00334295 0.999998 -0.000659361 -0.000102249 -0.00185754
1.74075e+09 0.0227167 0.0127106 0.00287513 0.999998 -0.00066395 -0.00015921 -0.00196454
1.74075e+09 0.0227908 0.0117032 0.00349164 0.999998 -0.000635829 -4.06412e-05 -0.00193439
1.74075e+09 0.0223929 0.0118305 0.00353023 0.999998 -0.000786751 -0.000106294 -0.00154802
1.74075e+09 0.0223337 0.010095 0.00491669 0.999998 -0.000758192 3.71671e-05 -0.00196838
1.74075e+09 0.0222881 0.0116291 0.00376399 0.999998 -0.000602775 -8.23085e-05 -0.00189413
1.74075e+09 0.0230032 0.0102593 0.0016488 0.999998 -0.000463472 -0.000325433 -0.00194941
1.74075e+09 0.0221126 0.0120613 0.00173346 0.999998 -0.000590206 -8.65353e-05 -0.00196955
1.74075e+09 0.0224194 0.0122868 0.0019019 0.999998 -0.000616474 -0.000202761 -0.00167532
1.74075e+09 0.0223949 0.0142485 0.00242972 0.999998 -0.00052218 3.45957e-06 -0.00187374
1.74075e+09 0.022832 0.0174641 0.0017045 0.999998 -0.000592862 -0.000157432 -0.00172083
1.74075e+09 0.0226795 0.0177975 0.00174717 0.999999 -0.000711769 -3.50922e-05 -0.00151322
1.74075e+09 0.0215213 0.0184272 0.00120978 0.999998 -0.000465569 -7.09919e-07 -0.00180773
1.74075e+09 0.0208741 0.0152757 0.00313296 0.999999 -0.000334996 1.3328e-05 -0.0015813
1.74075e+09 0.0212216 0.0155439 0.00312825 0.999998 -0.000359585 1.98371e-05 -0.00180853
1.74075e+09 0.021575 0.0150213 0.00348432 0.999998 -0.000294504 0.00013454 -0.00181738
1.74075e+09 0.0219263 0.0137539 0.00380507 0.999998 -0.000751785 -0.000193191 -0.00183906
1.74075e+09 0.0224387 0.0158465 0.00380393 0.999998 -0.000539711 -8.20236e-05 -0.00165771
1.74075e+09 0.0223347 0.0136063 0.00370513 0.999998 -0.000530289 -0.000104342 -0.00169855
1.74075e+09 0.0221648 0.0145846 0.0028655 0.999999 -0.000433245 1.87039e-06 -0.00160862
1.74075e+09 0.0214336 0.0137729 0.00247845 0.999999 -5.78571e-05 0.00020613 -0.00169268
1.74075e+09 0.0216674 0.016549 0.00147239 0.999998 -0.000173634 0.000236956 -0.00170754
1.74075e+09 0.0193871 0.016757 0.00154423 0.999999 -0.000143461 0.000323039 -0.00155987
1.74075e+09 0.020526 0.0194159 0.00156091 0.999999 -0.000430423 -0.000179813 -0.00154258
1.74075e+09 0.0210215 0.0149101 0.00166761 0.999998 -0.000216406 0.000154351 -0.00217199
1.74075e+09 0.0211533 0.0177695 0.00120564 0.999999 -0.000222721 2.10112e-05 -0.00170097
1.74075e+09 0.0222949 0.0189978 0.00110764 0.999999 -0.000339652 0.000107931 -0.00166468
1.74075e+09 0.0225797 0.0201778 0.00154706 0.999998 -0.000223829 0.000269125 -0.0017071
1.74075e+09 0.0226785 0.0196121 0.00102907 0.999999 -0.000553894 -0.000138585 -0.00161658
1.74075e+09 0.0236831 0.0171132 0.00150831 0.999998 -0.00050173 3.00126e-05 -0.00207072
1.74075e+09 0.0218722 0.0155659 0.00180302 0.999998 -0.000810856 0.000140829 -0.0018426
1.74075e+09 0.0243568 0.0171613 0.000477547 0.999998 -0.000569442 -0.000781386 -0.00171133
1.74075e+09 0.0229625 0.0172504 0.000971904 0.999998 -0.000727415 -0.000288056 -0.00182396
1.74075e+09 0.0226986 0.0149599 0.00225503 0.999998 -0.000586746 -0.000227045 -0.00182622
1.74075e+09 0.0227836 0.0165043 0.0024405 0.999998 -0.000562176 -0.000175502 -0.00191857
1.74075e+09 0.0228404 0.0167844 0.00270499 0.999998 -0.000718741 -3.22556e-05 -0.00184608
1.74075e+09 0.023362 0.0165186 0.00214112 0.999998 -0.00064675 -0.000109484 -0.00170858
1.74075e+09 0.022726 0.0189863 0.00256757 0.999998 -0.000629893 -4.47806e-06 -0.00172618
1.74075e+09 0.0230535 0.0193722 0.00110804 0.999999 -0.00047825 6.50441e-06 -0.00163456
1.74075e+09 0.0236204 0.0196352 0.000759106 0.999999 -0.000528975 -9.86696e-05 -0.00160527
1.74075e+09 0.0236724 0.0185887 0.000233795 0.999998 -0.000294828 -8.67373e-05 -0.00181962
1.74075e+09 0.0230602 0.0198891 0.00142229 0.999999 -0.000522204 -5.98194e-05 -0.00162152
1.74075e+09 0.0230205 0.0175112 0.00180816 0.999998 -0.000408017 -5.62862e-05 -0.00196096
1.74075e+09 0.022975 0.0176031 0.00206735 0.999998 -0.000693025 -8.60924e-05 -0.00176608
1.74075e+09 0.0225291 0.0158101 0.00102359 0.999998 -0.000336593 8.94708e-06 -0.00182398
1.74075e+09 0.0216124 0.0165728 0.00126463 0.999998 -0.000498229 -5.813e-05 -0.00179433
1.74075e+09 0.0196397 0.0169743 0.00200814 0.999998 -0.000245657 0.000496042 -0.00172018
1.74075e+09 0.0197031 0.0174724 0.00238988 0.999998 -0.000192325 0.000687272 -0.00164037
1.74075e+09 0.0207458 0.0191627 0.00376978 0.999998 -0.000749371 9.36015e-05 -0.00167395
1.74075e+09 0.0211358 0.0199736 0.00407433 0.999998 -0.000662288 -0.000108046 -0.0016681
1.74075e+09 0.022286 0.0205729 0.00429199 0.999999 -0.000451752 0.000132653 -0.00166177
1.74075e+09 0.0227477 0.0204171 0.00352419 0.999998 -0.000503094 -3.97111e-05 -0.00189556
1.74075e+09 0.0233543 0.0175061 0.00288753 0.999998 -0.000474427 -0.000279854 -0.00170664
1.74075e+09 0.0234769 0.0150295 0.00256376 0.999998 -0.000567835 -0.000108475 -0.00163782
1.74075e+09 0.0214231 0.0132314 0.00392877 0.999998 -0.000514454 -4.96267e-05 -0.00215486
1.74075e+09 0.0204591 0.0143003 0.00309763 0.999999 -0.000616107 -2.25835e-05 -0.00154598
1.74075e+09 0.0202377 0.0156065 0.00230244 0.999998 -0.000639914 -0.000161586 -0.00161979
1.74075e+09 0.0204306 0.0172049 0.00140058 0.999998 -0.000195413 0.000269495 -0.00187683
1.74075e+09 0.0215025 0.0175741 0.00162621 0.999998 -0.000614016 -0.000205575 -0.00171794
1.74075e+09 0.0214226 0.0166867 0.00188823 0.999998 -0.000544235 -3.23987e-05 -0.0018308
1.74075e+09 0.0213218 0.0159424 0.00189354 0.999998 -0.000331406 0.000144717 -0.00189661
1.74075e+09 0.0224717 0.0163864 0.00165749 0.999998 -0.000383827 -0.000165072 -0.00182907
1.74075e+09 0.0225773 0.0173071 0.00200135 0.999999 -0.000394325 1.02365e-05 -0.00168109
1.74075e+09 0.0216745 0.0176509 0.00346704 0.999999 -0.000403009 0.000128244 -0.00135739
1.74075e+09 0.0219003 0.0158562 0.00322652 0.999998 -0.000698013 -2.55413e-05 -0.00160309
1.74075e+09 0.0219405 0.0162113 0.00276814 0.999999 -0.000366059 -1.70345e-05 -0.00162267
1.74075e+09 0.0226272 0.0149375 0.00246395 0.999998 -0.000636721 -0.000180294 -0.00168843
1.74075e+09 0.0219757 0.0169031 0.00194295 0.999998 -0.000656282 -0.000205723 -0.00165163
1.74075e+09 0.0211801 0.0168584 0.0026784 0.999998 -0.000684656 -1.51183e-05 -0.00159329
1.74075e+09 0.02154 0.0162637 0.00297776 0.999998 -0.000512836 -0.00016834 -0.00188056
1.74075e+09 0.0208609 0.0150728 0.00461172 0.999998 -0.000427425 0.000195183 -0.00166983
1.74075e+09 0.0215377 0.016806 0.00420158 0.999999 -0.000544145 -3.33655e-05 -0.00158387
1.74075e+09 0.0214809 0.0146328 0.00343527 0.999999 -0.000308608 8.64303e-05 -0.00159633
1.74075e+09 0.019332 0.0168559 0.00473632 0.999997 -0.00019333 0.00112502 -0.00200744
1.74075e+09 0.020145 0.0157659 0.00406774 0.999999 -0.000323892 0.000105711 -0.00157083
1.74075e+09 0.0212156 0.0157922 0.00316414 0.999998 -0.000532568 -9.60895e-05 -0.00179963
1.74075e+09 0.0227761 0.0141753 0.00138888 0.999998 -0.000523627 -0.000235291 -0.00189769
1.74075e+09 0.0239363 0.0146674 0.000505629 0.999998 -0.000280606 7.92557e-05 -0.00193919
1.74075e+09 0.0241106 0.0169432 -0.000691131 0.999999 -0.000410675 -0.000225335 -0.00164824
1.74075e+09 0.0239432 0.0171336 -0.000473001 0.999998 -0.00061471 -3.81936e-05 -0.00173838
1.74075e+09 0.0235527 0.0166208 0.000510419 0.999998 -0.000659213 -0.00011563 -0.00177289
1.74075e+09 0.0225846 0.0157298 0.00176991 0.999998 -0.000592049 -0.000165644 -0.0016252
1.74075e+09 0.0224086 0.0139058 0.00210179 0.999998 -0.000537421 8.30721e-05 -0.00202821
1.74075e+09 0.0233258 0.0144147 0.00135659 0.999998 -0.000655557 -0.000250028 -0.00166621
1.74075e+09 0.0220144 0.015445 0.00112682 0.999998 -0.000665392 -0.000241732 -0.00200707
1.74075e+09 0.0222909 0.0165111 0.00125176 0.999998 -0.000476652 9.32907e-06 -0.00168159
1.74075e+09 0.0232987 0.0157504 0.000770589 0.999998 -0.000514573 -7.6584e-05 -0.00174613
1.74075e+09 0.022746 0.0170644 0.00254296 0.999999 -0.000555626 -2.86339e-05 -0.00157472
1.74075e+09 0.0231729 0.0179435 0.00182927 0.999998 -0.000435872 9.33923e-05 -0.00179293
1.74075e+09 0.0231117 0.0176803 0.00292254 0.999998 -0.000665121 3.69969e-05 -0.00180073
1.74075e+09 0.0235197 0.0185225 0.00148946 0.999998 -0.000399455 -4.80924e-05 -0.00193481
1.74075e+09 0.0226842 0.0204755 0.0020168 0.999998 -0.000469541 -6.93734e-05 -0.00168954
1.74075e+09 0.0223986 0.0198557 0.000845274 0.999998 -0.000480829 -7.74497e-05 -0.00191234
1.74075e+09 0.0225969 0.019994 0.000764076 0.999998 -0.000581493 -2.1177e-05 -0.00180014
1.74075e+09 0.0233463 0.0195341 -0.000378764 0.999999 -0.000501956 -0.000144811 -0.00162689
1.74075e+09 0.0231073 0.0176047 0.000299429 0.999998 -0.000672543 -9.92771e-05 -0.00194659
1.74075e+09 0.0218709 0.0147854 0.00183588 0.999998 -0.000568658 -7.53066e-05 -0.00177874
1.74075e+09 0.0232188 0.0142339 0.000230406 0.999998 -0.00061036 -0.000255167 -0.00165739
1.74075e+09 0.0223359 0.0167313 0.00285314 0.999998 -0.000748132 -7.26061e-05 -0.00163936
1.74075e+09 0.0229726 0.017621 0.00247118 0.999999 -0.000643016 -0.000175976 -0.00159579
1.74075e+09 0.0236625 0.0160911 0.0027541 0.999998 -0.000361389 4.60338e-05 -0.00202673
1.74075e+09 0.0238352 0.0154457 0.00241767 0.999998 -0.000633035 -0.00011388 -0.00166708
1.74075e+09 0.023032 0.0170785 0.00238256 0.999999 -0.000686946 -0.000138927 -0.00146256
1.74075e+09 0.0226338 0.0156305 0.00221646 0.999998 -0.000580365 -4.13094e-05 -0.00183216
1.74075e+09 0.02229 0.0186072 0.00318626 0.999998 -0.000564186 0.000102774 -0.00183791
1.74075e+09 0.0221758 0.0192846 0.0016331 0.999999 -0.000530704 -0.000200023 -0.0014154
1.74075e+09 0.0214571 0.0213086 0.00226269 0.999999 -0.000596191 -0.000147318 -0.0015388
1.74075e+09 0.0219759 0.0200755 0.00220011 0.999998 -0.000524128 7.97797e-06 -0.00167894
1.74075e+09 0.0219244 0.0182608 0.00263483 0.999998 -0.000528035 -0.000135903 -0.00184435
1.74075e+09 0.022325 0.0151449 0.00221811 0.999998 -0.000371891 5.05474e-05 -0.00192304
1.74075e+09 0.0215027 0.0157838 0.00204791 0.999998 -0.000477295 -2.80479e-05 -0.00177622
1.74075e+09 0.0226469 0.0124468 0.00134588 0.999998 -0.00046333 -0.000267502 -0.00192599
1.74075e+09 0.0222779 0.0112282 0.000214668 0.999998 -0.000551863 7.42981e-05 -0.00167784
1.74075e+09 0.0216272 0.0132507 0.00164734 0.999998 -0.000429448 -9.08845e-05 -0.00176683
1.74075e+09 0.0218611 0.0147538 0.00340917 0.999998 -0.000546797 3.88866e-05 -0.00169675
1.74075e+09 0.0213515 0.0175812 0.00460677 0.999999 -0.000609625 7.52192e-05 -0.00153685
1.74075e+09 0.0221866 0.0183709 0.0038281 0.999999 -0.00053853 -0.000173843 -0.00162037
1.74075e+09 0.0214623 0.0186648 0.00249226 0.999998 -0.000588706 -9.16061e-05 -0.00168003
1.74075e+09 0.0216604 0.0195489 0.00298748 0.999998 -0.000573441 -0.000100402 -0.00175674
1.74075e+09 0.0214785 0.0172065 0.00240234 0.999998 -0.000436169 -0.000226448 -0.00181668
1.74075e+09 0.0217815 0.0155792 0.00354437 0.999998 -0.000508221 -9.53065e-05 -0.00185242
1.74075e+09 0.0216838 0.0146281 0.00262447 0.999998 -0.000689115 -0.000157349 -0.00169037
1.74075e+09 0.0208914 0.0139008 0.00305562 0.999998 -0.000249588 1.09513e-05 -0.00201838
1.74075e+09 0.0218774 0.0164655 0.00277046 0.999998 -0.000719555 -0.000229335 -0.00171925
1.74075e+09 0.0216301 0.0138089 0.00270441 0.999998 -0.000305712 3.97317e-05 -0.00194865
1.74075e+09 0.021752 0.01625 0.00275208 0.999998 -0.00058166 -0.000217241 -0.00191334
1.74075e+09 0.022151 0.0154793 0.00260931 0.999998 -0.000327762 0.000130528 -0.00172594
1.74075e+09 0.0233976 0.0143956 0.00142966 0.999998 -0.000546745 2.39177e-05 -0.0017727
1.74075e+09 0.0239418 0.0165879 0.000236423 0.999998 -0.000413875 -0.000153732 -0.00184301
1.74075e+09 0.0220584 0.017801 0.000264906 0.999998 -0.000509895 -0.000123278 -0.00185435
1.74075e+09 0.0204268 0.0165805 0.000657757 0.999999 -0.000539788 -9.08444e-07 -0.00161855
1.74075e+09 0.0197863 0.017335 0.000713083 0.999999 -0.000418056 6.69324e-05 -0.00153749
1.74075e+09 0.0216756 0.0179651 0.000580441 0.999998 -0.000573094 -1.2682e-05 -0.00186286
1.74075e+09 0.0229873 0.016003 0.00185526 0.999998 -0.00061045 -1.51467e-05 -0.00180274
1.74075e+09 0.0236934 0.0181567 0.00113079 0.999998 -0.00053608 4.41275e-05 -0.00171629
1.74075e+09 0.0218727 0.0158337 0.00295657 0.999998 -0.00044899 6.78406e-05 -0.00188668
1.74075e+09 0.0222313 0.0177376 0.0040066 0.999999 -0.000487884 6.45841e-05 -0.00153304
1.74075e+09 0.0210468 0.0176777 0.00564108 0.999997 -0.00023571 0.000223635 -0.00234311
1.74075e+09 0.0229223 0.0164901 0.00386314 0.999998 -0.000615233 2.96577e-05 -0.00186588
1.74075e+09 0.0218731 0.0175413 0.00362266 0.999998 -0.000744347 -8.07383e-05 -0.00175916
1.74075e+09 0.0236621 0.017594 0.00222287 0.999998 -0.000516158 -4.93723e-05 -0.00170518
1.74075e+09 0.0236074 0.0181411 0.00186424 0.999999 -0.000643957 -0.000141205 -0.00143298
1.74075e+09 0.0222288 0.015048 0.00204708 0.999998 -0.000386207 -0.000131001 -0.00185745
1.74075e+09 0.0220759 0.0148108 0.00213104 0.999998 -0.00033172 -0.00010776 -0.00172027
1.74075e+09 0.0223026 0.0137537 0.00202639 0.999998 -0.000485033 0.000132627 -0.00167653
1.74075e+09 0.0223038 0.0158101 0.00178476 0.999998 -0.000488967 -7.72687e-05 -0.00168227
1.74075e+09 0.0215561 0.0140489 0.00221066 0.999998 -0.000368285 -2.49077e-05 -0.00197859
1.74075e+09 0.0214375 0.0159159 0.000488764 0.999999 -0.00049815 8.51727e-05 -0.00162077
1.74075e+09 0.0220213 0.0196498 0.00212775 0.999999 -0.000598646 -4.6309e-05 -0.00160508
1.74075e+09 0.0230411 0.018245 0.00173647 0.999998 -0.000710156 -0.000291047 -0.00155792
1.74075e+09 0.0220484 0.0178884 0.00189513 0.999999 -0.000606675 -3.60086e-06 -0.00161456
1.74075e+09 0.0218913 0.0167917 0.00177359 0.999999 -0.000629942 -8.10225e-05 -0.00160268
1.74075e+09 0.0206361 0.0171183 0.00236489 0.999998 -0.00070337 -5.72525e-06 -0.00175842
1.74075e+09 0.0218824 0.017488 0.00310075 0.999998 -0.000539097 -2.78483e-05 -0.00185992
1.74075e+09 0.0210927 0.0201932 0.00350303 0.999999 -0.000426254 0.000219211 -0.00156345
1.74075e+09 0.0216764 0.0185597 0.00353801 0.999998 -0.000456921 0.000260676 -0.00180332
1.74075e+09 0.0219792 0.0176328 0.00409782 0.999999 -0.000320778 2.83134e-05 -0.00159399
1.74075e+09 0.0209527 0.0160702 0.00217696 0.999998 -0.000469947 0.000181437 -0.00178437
1.74075e+09 0.0210219 0.0177548 0.00227183 0.999999 -0.000549472 -0.00011747 -0.00130423
1.74075e+09 0.0215053 0.0157145 0.00215724 0.999998 -0.000431492 -4.45638e-05 -0.00217107
1.74075e+09 0.0212587 0.0187234 0.00153097 0.999999 -0.000538405 -0.000142071 -0.001631
1.74075e+09 0.0219775 0.0161035 0.000267792 0.999998 -0.000522907 -0.000218016 -0.00185163
1.74075e+09 0.0223602 0.0170663 0.000446371 0.999999 -0.000585544 -4.37e-05 -0.00159935
1.74075e+09 0.0219581 0.0182424 0.00182117 0.999998 -0.000476296 2.90896e-05 -0.00168651
1.74075e+09 0.0212738 0.017347 0.00269059 0.999998 -0.00053748 0.000165091 -0.00167852
1.74075e+09 0.020817 0.018165 0.00353343 0.999999 -0.000473822 0.000336003 -0.00162986
1.74075e+09 0.0223921 0.0165394 0.00371582 0.999999 -0.00042388 -6.83551e-05 -0.00158538
1.74075e+09 0.0220742 0.0148759 0.00345273 0.999998 -0.000390963 9.71037e-05 -0.00184273
1.74075e+09 0.0221732 0.0139905 0.0033711 0.999998 -0.00052194 3.19933e-05 -0.00165371
1.74075e+09 0.0221383 0.0155026 0.00279063 0.999998 -0.000525189 -0.000217673 -0.00192713
1.74075e+09 0.021993 0.0147744 0.00376866 0.999998 -0.000788585 -0.000117541 -0.00179897
1.74075e+09 0.0222792 0.0162355 0.00326774 0.999998 -0.000476137 -0.00015855 -0.0018063
1.74075e+09 0.0212635 0.0167436 0.00351654 0.999999 -0.000321122 0.000204873 -0.00167528
1.74075e+09 0.0222401 0.0188783 0.00373944 0.999998 -0.000754563 -0.000205804 -0.00187956
1.74075e+09 0.0223971 0.0174596 0.00277439 0.999998 -0.000596586 -4.67461e-05 -0.00180085
1.74075e+09 0.0223392 0.0189508 0.00250408 0.999998 -0.000460518 -0.000159592 -0.00206184
1.74075e+09 0.0238159 0.0178695 0.000890724 0.999998 -0.000563475 -0.000175925 -0.0019262
1.74075e+09 0.025067 0.0174154 0.000498445 0.999998 -0.000318873 0.000176902 -0.00189806
1.74075e+09 0.0244817 0.0186576 0.000249373 0.999998 -0.000581724 -0.00044071 -0.00164302
1.74075e+09 0.0242298 0.0190784 0.00121437 0.999999 -0.000426867 -1.96134e-06 -0.00142143
1.74075e+09 0.0215817 0.0187208 0.00113201 0.999998 -0.00049794 6.47179e-05 -0.00177744
1.74075e+09 0.0228568 0.016589 0.0011455 0.999999 -0.000328012 -3.0001e-05 -0.00165212
1.74075e+09 0.0215957 0.0173747 0.00214152 0.999998 -0.000553103 2.46169e-05 -0.00167618
1.74075e+09 0.0217788 0.0161707 0.00227528 0.999998 -0.000684037 -0.000250759 -0.00166997
1.74075e+09 0.0233468 0.0161594 0.00191541 0.999999 -0.000702948 -0.000199664 -0.00150472
1.74075e+09 0.0230761 0.0145073 0.0020031 0.999999 -0.000620151 -0.0001693 -0.00158835
1.74075e+09 0.0242158 0.0148755 0.00163956 0.999998 -0.000752211 -9.55087e-05 -0.00173843
1.74075e+09 0.02393 0.0154316 0.00293405 0.999998 -0.000630346 -0.000119963 -0.00200429
1.74075e+09 0.0243678 0.0172629 0.00179666 0.999998 -0.000540736 5.92291e-05 -0.00168852
1.74075e+09 0.0223685 0.0182325 0.00297338 0.999998 -0.000592024 -5.67742e-05 -0.00162714
1.74075e+09 0.0215945 0.0167866 0.00211821 0.999998 -0.000365906 6.15836e-05 -0.00213488
