1.74066e+09 0.00184599 0.00871437 -0.0013683 1 -0.000370366 -0.000381861 -1.19449e-05
1.74066e+09 0.000967319 0.00936066 -0.000542527 1 -0.000594429 -0.000206522 0.000315299
1.74066e+09 -0.000676118 0.00569208 -0.000655131 1 -0.000875295 -0.000312478 -0.000200167
1.74066e+09 -0.00280365 0.00197701 0.000179827 1 -5.63493e-05 -0.000137199 0.000151053
1.74066e+09 -0.00165269 0.000959631 -0.00103155 1 -0.000703076 0.00014032 -0.000136835
1.74066e+09 0.000292688 0.00431389 -0.000411763 1 -0.000921653 0.000352953 -0.000119848
1.74066e+09 0.00135853 0.00333885 2.54239e-05 1 -0.000892474 0.000196027 9.08605e-05
1.74066e+09 5.01799e-05 0.00531761 0.000949133 1 -0.000917744 -0.000176308 6.50737e-05
1.74066e+09 0.00107151 0.00129192 0.00238555 1 -0.000407583 2.77086e-05 -0.000197494
1.74066e+09 0.00179051 -0.00166832 0.00064695 1 -0.000180507 -0.000116416 -0.000158964
1.74066e+09 -0.00010493 -0.00296368 0.00191955 1 -0.000426066 -0.00039251 1.91498e-05
1.74066e+09 -0.000676174 -0.00300265 -0.000311912 1 -0.000278336 5.48945e-05 -0.00024421
1.74066e+09 -0.0011222 -0.00193262 0.00147424 1 -0.000757971 4.54439e-06 0.000103046
1.74066e+09 -0.00197087 -0.00227759 0.000852277 1 -0.000441579 -0.000108502 -0.000193318
1.74066e+09 -0.000865209 0.00210435 0.00238825 1 -0.000723672 3.15393e-05 4.82101e-05
1.74066e+09 -0.000117054 0.00662253 0.00106645 1 -0.000948544 0.000197433 0.00021679
1.74066e+09 -0.00116238 0.00700283 0.0013294 0.999999 -0.00118175 -0.000459588 0.000173599
1.74066e+09 -0.00165574 0.00567919 0.000560715 1 -0.000534986 -0.000115699 -4.32358e-05
1.74066e+09 -0.00122991 0.00680608 -0.00018443 1 -0.00054875 -0.000127604 -0.000153235
1.74066e+09 -0.000122152 0.00633134 -0.000732608 1 -0.000594032 -0.000146074 -0.000336686
1.74066e+09 0.000206989 0.00607929 -0.00166617 1 -0.000384212 -3.92851e-05 -0.000388836
1.74066e+09 -0.000609982 0.00301564 -0.00130475 1 -0.000251424 0.000226852 9.1944e-05
1.74066e+09 -0.000652434 0.00717298 -0.00134835 1 -0.000498205 1.69965e-05 6.28722e-05
1.74066e+09 -0.00113917 0.00760395 0.00131582 1 6.22748e-05 0.000508354 0.00054772
1.74066e+09 -0.000266397 0.00750658 0.000173108 1 -0.000343126 0.000109762 0.000925456
1.74066e+09 -0.000619086 0.00513088 0.00213896 1 -0.000234553 -3.54602e-05 -6.46847e-05
1.74066e+09 0.000141135 0.00437957 0.00134283 1 -0.000286955 -8.54574e-05 0.000111529
1.74066e+09 -0.000201872 0.00154662 0.00175722 1 -0.000162788 3.15831e-05 3.54522e-05
1.74066e+09 -0.000282187 0.000321349 0.000860779 1 -0.000185852 -3.61497e-05 -3.40196e-05
1.74066e+09 0.000544855 -0.000270103 0.000762093 1 -0.000286553 -0.000149146 -0.000116232
1.74066e+09 0.000734656 0.000408398 -0.000379515 1 -0.000281472 -6.91957e-05 -2.5712e-06
1.74066e+09 -0.000256893 0.001179 0.00129778 1 -0.000590456 -0.0003056 2.86566e-05
1.74066e+09 -0.00106886 0.00324514 0.000514195 1 -0.000503977 -0.000139848 0.000236362
1.74066e+09 7.39242e-05 0.00601606 -0.000579337 1 -0.000552099 -0.000332153 0.000254421
1.74066e+09 -0.000311661 0.00530798 0.000176467 1 -0.000351043 2.55099e-05 -2.61987e-05
1.74066e+09 0.00030606 0.00665445 -0.000199605 1 -0.000492105 -0.000273067 -2.52392e-05
1.74066e+09 7.73911e-05 0.00587739 -0.00051565 1 -0.000391489 -0.000292808 -0.000104011
1.74066e+09 -0.000313828 0.00764439 -0.000828271 1 -0.000419667 -0.000199897 3.29372e-05
1.74066e+09 0.000115209 0.00530637 -0.000839493 1 -0.000538223 -0.000298194 3.09766e-05
1.74066e+09 -3.80492e-05 0.0037244 -0.000801173 1 -0.000383623 -6.20455e-05 0.000249148
1.74066e+09 0.00120155 0.00305002 -0.0016243 1 -0.000644037 -0.000241956 -8.82627e-05
1.74066e+09 -0.000108671 0.00468227 -0.00104308 1 -5.05712e-06 0.000135877 9.30006e-05
1.74066e+09 0.00104019 0.00444818 0.0014675 1 -0.000285321 -9.08247e-05 1.87801e-05
1.74066e+09 0.00172932 0.00187567 0.00123897 1 -0.000626722 -0.000180094 0.000238035
1.74066e+09 0.00118628 0.00112163 0.000132337 1 -0.000220282 -0.000236052 -0.000292542
1.74066e+09 0.000422996 0.00329536 -0.000411697 1 -0.000124062 9.53098e-05 0.000157032
1.74066e+09 0.000524302 0.00329348 -0.0012783 1 -0.000442858 -0.000222625 -3.92213e-05
1.74066e+09 7.36164e-05 0.0049921 -0.00137577 1 -0.000313712 -0.000115238 -0.000486744
1.74066e+09 0.00120171 0.00536884 -0.00113522 1 -0.000392337 -0.000318852 0.000196895
1.74066e+09 0.0015419 0.00633204 0.000138201 1 -0.000235884 -0.000112973 0.000157053
1.74066e+09 0.00199134 0.00779987 -0.000279406 1 -5.93292e-05 -0.000119422 -0.00012502
1.74066e+09 0.000978969 0.0069358 -0.00116864 1 -0.000247219 -7.35683e-05 -0.000100174
1.74066e+09 -0.000278001 0.00907639 -0.00120588 1 -0.000310387 -1.97645e-05 0.000161555
1.74066e+09 -0.000159502 0.00477912 -0.00200883 1 -0.000337968 -0.000270677 -9.10928e-05
1.74066e+09 0.000933963 0.00660495 -0.00141212 1 -0.000296769 -0.000178844 0.000153678
1.74066e+09 0.00263101 0.00596785 -0.000450676 1 -0.000327767 -0.000157127 3.97962e-05
1.74066e+09 0.00180332 0.0055935 0.000116243 1 -0.000310265 -0.000121173 0.000133336
1.74066e+09 0.00152196 0.00745611 -0.000762715 1 -0.000420117 -0.000245963 5.80876e-05
1.74066e+09 0.000571368 0.00476539 -0.000212803 1 -0.000565774 -1.64437e-05 -8.01529e-06
1.74066e+09 0.00103616 0.00271212 -0.00066334 1 -0.000331587 -0.000277812 -3.39982e-05
1.74066e+09 -0.00110505 0.0036689 0.00185227 1 -0.000364161 6.25457e-05 0.000443126
1.74066e+09 -0.000420601 0.00343674 0.00100763 1 -0.000327377 -8.42113e-05 0.000168305
1.74066e+09 -0.00166108 0.00445225 0.00293888 1 -0.000442621 0.000113935 0.000343777
1.74066e+09 -0.000631758 0.00549851 0.00116234 1 -0.000254124 8.68354e-05 0.000242958
1.74066e+09 0.00102498 0.00781844 0.00140479 1 -0.000353044 -0.000158372 -2.07994e-05
1.74066e+09 0.00206642 0.00655874 -0.000935863 1 -0.000257521 -0.000231077 -2.82865e-05
1.74066e+09 0.000594254 0.00633565 0.000159546 1 -0.000191841 -0.000431057 0.000134531
1.74066e+09 0.000209655 0.00555673 -0.000240513 1 -0.000188561 -0.000167635 -3.60724e-05
1.74066e+09 0.00116389 0.00576788 -0.000751168 1 -0.000153344 -0.000375391 -0.000169235
1.74066e+09 0.000894577 0.00542855 -0.0013222 1 -0.000201675 2.09873e-05 -0.000164178
1.74066e+09 -0.000975833 0.00739994 0.00019841 1 0.00021575 0.000154281 -3.12515e-05
1.74066e+09 -0.000430713 0.00795295 0.000613558 1 -0.000189894 -0.000110527 -0.000403801
1.74066e+09 -0.000467297 0.00698603 0.00113742 1 -0.000287488 -0.000185114 7.86927e-05
1.74066e+09 -0.000108684 0.00643751 0.000260392 1 -0.00029344 -2.59139e-05 -0.000197856
1.74066e+09 0.00168489 0.00354492 -0.00114016 1 -0.000190469 -0.000344376 0.000146402
1.74066e+09 0.00158447 0.00192178 0.000608109 1 -0.000161155 5.11385e-05 3.72296e-05
1.74066e+09 0.000963429 0.00424892 -0.000399667 1 -0.00029168 -7.57476e-05 0.000298272
1.74066e+09 0.00127925 0.00360389 -0.000219992 1 -0.000261208 -5.13979e-05 9.06113e-05
1.74066e+09 0.00170664 0.00450569 -0.000587567 1 -0.00049202 -0.000144026 5.03292e-05
1.74066e+09 0.00143051 0.00564005 0.000181983 1 -0.000306928 -0.000275323 0.000107393
1.74066e+09 0.000448115 0.00734835 0.000526245 1 -0.000133238 -0.000132633 -0.000125653
1.74066e+09 -0.00101768 0.00758375 0.00249527 1 -0.000234112 -8.12575e-05 0.000213684
1.74066e+09 -0.000410218 0.00522021 0.00220862 1 -0.000255599 0.000151197 0.000143009
1.74066e+09 5.71323e-05 0.00580493 0.00194343 1 -0.000489094 -0.000308308 4.14027e-05
1.74066e+09 0.000747593 0.00466062 0.000936527 1 -0.00025504 -2.32098e-05 -3.43859e-05
1.74066e+09 0.00180444 0.00408915 -3.95815e-05 1 -0.00028079 -0.000252432 -0.000266768
1.74066e+09 0.00236349 0.00360202 -0.00158755 1 -0.000383485 -0.000323563 -0.000257079
1.74066e+09 0.00191326 0.00514681 -0.00144802 1 -0.000116347 -0.000199362 -5.72447e-05
1.74066e+09 0.00192628 0.0061596 -0.0014137 1 -0.000319816 -0.000227429 0.00025267
1.74066e+09 0.00171891 0.00582489 -0.00168417 1 -0.000433793 -0.000338385 2.50414e-06
1.74066e+09 0.00180952 0.00717979 -0.00125985 1 -0.000192512 -0.000149743 8.22912e-05
1.74066e+09 0.00087657 0.00466514 -0.000798055 1 -0.000230382 -0.000222432 6.70461e-05
1.74066e+09 -0.000139464 0.00499543 0.00121602 1 -0.000392935 1.59333e-05 0.000132302
1.74066e+09 0.000413485 0.00398413 0.00109654 1 -0.00029592 -5.62365e-05 -1.34172e-05
1.74066e+09 0.000690539 0.00185892 0.00114672 1 -0.000359701 5.69721e-05 -3.86989e-05
1.74066e+09 0.00126305 0.0028848 9.76154e-05 1 -0.000299517 5.62193e-05 -9.97207e-05
1.74066e+09 0.00143546 0.00287364 -0.000139669 1 -0.000426466 -0.000107393 -0.000260471
1.74066e+09 0.00131889 0.00376263 5.47763e-05 1 -0.000134293 2.50708e-05 -1.40479e-05
1.74066e+09 0.00224374 0.0041407 -0.000620239 1 -0.000423489 -0.000296318 0.000245753
1.74066e+09 0.00160772 0.00658405 -0.000303827 1 -1.2062e-05 -0.000124075 2.60496e-06
1.74066e+09 0.00139844 0.00619522 -0.00137906 1 -0.000493162 -0.000467108 -0.000115016
1.74066e+09 0.000337697 0.00421893 -0.00135255 1 -0.000363752 -8.4593e-05 -0.000156169
1.74066e+09 0.00073499 0.00621047 -0.000863147 1 -4.90151e-05 -5.29474e-05 -0.000167459
1.74066e+09 0.0010865 0.00656202 -0.000315175 1 -0.000546358 -0.000409838 -2.59575e-05
1.74066e+09 0.000990226 0.00830431 -0.000232519 1 -0.000398292 -3.23078e-05 8.50112e-05
1.74066e+09 -0.00100776 0.00703513 -0.000582549 1 -0.000431214 -0.000206614 -3.1037e-05
1.74066e+09 -0.00231585 0.00487124 -0.00063166 1 -0.00030115 -0.000112321 9.73246e-05
1.74066e+09 -0.00201006 0.00198147 -5.75719e-05 1 -0.00024556 -0.000152361 0.000141066
1.74066e+09 -0.000509663 0.000961398 0.00072873 1 -0.000169358 9.08973e-05 -0.00050831
1.74066e+09 0.00146303 0.00151968 -0.000334182 1 -0.000436643 -3.76808e-05 -0.000145522
1.74066e+09 0.000286667 0.00333088 0.0012295 1 -0.00024582 6.61084e-05 9.65678e-05
1.74066e+09 0.00145879 0.00323981 0.00138076 1 -0.000170763 -8.32623e-05 -5.83924e-05
1.74066e+09 0.00103737 0.00376634 0.0029368 1 -0.000435212 8.89373e-05 0.000147219
1.74066e+09 0.000936304 0.0043811 0.00195299 1 -0.000188909 -3.24686e-05 -7.16899e-05
1.74066e+09 -0.000135524 0.0051759 0.00255503 1 -0.000193136 9.64394e-06 -0.000201464
1.74066e+09 0.000459155 0.00439656 -3.41729e-06 1 3.64494e-05 9.8623e-05 0.000164837
1.74066e+09 -0.00135773 0.00545012 0.000743581 1 -0.000423419 -0.00013489 -1.19325e-05
1.74066e+09 -0.000669998 0.00574303 -0.000872019 1 -0.000221381 -0.000100791 6.4352e-06
1.74066e+09 0.000646429 0.00796037 -0.00138598 1 -0.00060118 -0.000315478 3.45235e-05
1.74066e+09 4.95578e-07 0.0075992 -0.000322263 1 -0.000255609 -0.000106224 -0.000262378
1.74066e+09 0.000312613 0.00868379 -0.0010315 1 -0.000201544 -0.000116364 -6.92105e-05
1.74066e+09 -0.000900632 0.00493619 -0.00113265 1 -0.000333083 -1.84606e-05 -8.6574e-05
1.74066e+09 -0.000873174 0.00438638 -5.20022e-05 1 -0.00038252 -9.3307e-05 0.000131183
1.74066e+09 0.000752323 0.00725447 0.00047093 1 -0.000237119 -0.000160168 0.000123823
1.74066e+09 0.00208339 0.00519678 -0.000534049 1 -0.000115701 -0.00021698 -6.44158e-05
1.74066e+09 6.85626e-05 0.00487722 0.00120301 1 -0.000223956 5.72546e-05 0.000195271
1.74066e+09 -0.000260764 0.00538284 0.00137104 1 -0.000224444 0.000116494 0.000188889
1.74066e+09 0.000688414 0.00476806 0.00207778 1 -0.000234272 3.92353e-05 3.66762e-05
1.74066e+09 0.00187531 0.00485717 0.00088437 1 -0.000510381 -0.000108076 -4.76921e-05
1.74066e+09 0.00114908 0.00533164 0.000988982 1 -0.000404996 -0.000105898 2.82927e-07
1.74066e+09 0.00128103 0.00488943 -0.000563515 1 -0.000635607 -0.000157784 0.000225342
1.74066e+09 0.000923314 0.00380342 -0.000659867 1 -0.000297981 -0.000166723 2.96245e-05
1.74066e+09 0.000798714 0.00299625 -0.000325534 1 -0.000151913 -2.69734e-05 -1.89118e-05
1.74066e+09 0.00183506 0.00541439 -0.000412119 1 -0.000224284 -0.000267662 5.95683e-05
1.74066e+09 0.000750702 0.00657523 -3.93763e-05 1 -0.000270046 -0.000102482 -0.000380558
1.74066e+09 0.000951707 0.00594658 -0.000370555 1 -0.000341141 -0.000176382 -0.000274245
1.74066e+09 0.000598903 0.00574901 -0.000348141 1 -0.000299304 -0.000226462 -0.000282564
1.74066e+09 -0.000494565 0.00708891 -0.000661811 1 -0.000321438 -0.000188323 -6.53927e-05
1.74066e+09 -0.00121963 0.00746224 -0.00100765 1 -0.000304386 -0.000134868 -2.8315e-05
1.74066e+09 -0.000423484 0.00531856 -0.00189634 1 -0.0001497 -3.72835e-05 4.3964e-05
1.74066e+09 0.00021302 0.00554022 -0.00144354 1 -0.000271436 -5.71653e-05 0.000256227
1.74066e+09 -0.000925117 0.00328931 -0.000434722 1 -0.000326989 3.9144e-05 -0.000161618
1.74066e+09 -0.000719658 0.00177087 0.000741213 1 -0.000490672 -4.18763e-05 -3.90675e-05
1.74066e+09 0.000138907 0.000285808 0.00138258 1 -0.000459205 -2.50078e-05 -0.000159514
1.74066e+09 0.00125688 -0.000778905 6.13619e-05 1 -0.000566832 -0.000172464 4.11628e-05
1.74066e+09 0.000810756 0.000883552 -9.08417e-05 1 -0.000514109 -2.44265e-05 1.29466e-05
1.74066e+09 0.000454674 0.00320082 0.000599056 1 -0.000343007 -2.2557e-07 -0.000290511
1.74066e+09 4.08187e-05 0.00217656 0.000707503 1 -8.93709e-05 5.07118e-05 -0.000126529
1.74066e+09 0.000719993 0.00475348 -0.000410499 1 -0.000330292 -0.000259098 0.000260471
1.74066e+09 3.721e-05 0.00443342 -0.00104141 1 -0.000199708 -7.20127e-05 6.55386e-05
1.74066e+09 0.000353292 0.00646146 -0.000849449 1 -0.000374711 -0.000253063 0.000126799
1.74066e+09 0.000141593 0.00755784 3.36254e-06 1 -0.000170161 -7.75105e-06 0.000308598
1.74066e+09 0.000465058 0.00797825 -0.000507513 1 -0.000250683 -0.000139851 0.000105569
1.74066e+09 0.000412508 0.00563359 -0.000982286 1 -0.000193547 -0.000124543 -0.000235468
1.74066e+09 0.000473093 0.00244725 0.00038669 1 -0.000287181 -0.000177523 -6.20183e-05
1.74066e+09 0.000198117 0.00297257 0.000659237 1 -0.000402805 -0.000127171 0.000150415
1.74066e+09 -0.000334021 0.00450646 0.000531432 1 -0.000284627 -4.5633e-05 0.000221931
1.74066e+09 -0.000699648 0.00418645 0.000177946 1 -0.000222816 4.818e-05 0.000141996
1.74066e+09 -3.911e-06 0.00463683 0.00102421 1 -0.000450218 1.83641e-05 7.92029e-05
1.74066e+09 -4.53348e-05 0.00398041 -0.000263997 1 -0.000367262 -6.94774e-05 7.47831e-05
1.74066e+09 -0.000786961 0.00508921 0.000718464 1 -0.000510081 -0.000205646 0.00021644
1.74066e+09 0.000536035 0.00276749 0.000626535 1 -0.000303694 -7.39423e-05 -0.00017727
1.74066e+09 1.64435e-05 0.00242609 0.00166152 1 -0.000467922 9.78053e-05 -4.81539e-05
1.74066e+09 -0.000331237 0.00268976 0.00139019 1 -6.23025e-05 0.000118787 0.000244297
1.74066e+09 -0.00012691 0.00543514 0.0016744 1 -0.000605253 -1.47851e-05 -3.39156e-05
1.74066e+09 0.000259485 0.00482797 0.000207149 1 -1.35424e-06 -3.71249e-05 -0.000204174
1.74066e+09 -0.000852519 0.00368652 0.00156044 1 -0.000463213 -0.000201865 8.91049e-05
1.74066e+09 6.58026e-05 0.00278078 0.000297127 1 -0.0002341 -0.000198574 -9.29898e-05
1.74066e+09 0.000405361 0.00559495 0.000833129 1 -0.000353056 -0.000183224 3.04123e-05
1.74066e+09 0.000417167 0.00697672 8.87635e-05 1 -0.000352004 -8.66307e-06 -8.16966e-05
1.74066e+09 0.000569038 0.00656749 -0.00072937 1 -0.000148182 -0.000170001 -9.37024e-05
1.74066e+09 -0.00041867 0.00783522 -0.000233558 1 -0.000461328 -0.00021505 -0.000117078
1.74066e+09 -1.54216e-05 0.00539593 -1.5702e-05 1 -0.000387159 -0.000161406 4.65584e-05
1.74066e+09 -0.000298995 0.0049803 -4.73138e-05 1 -0.000260994 -2.43359e-05 0.000104666
1.74066e+09 0.00076038 0.00229063 -0.000725047 1 -0.000389573 -0.000422333 -1.1763e-05
1.74066e+09 -0.000442134 0.00352783 0.00194125 1 -0.000392498 -1.19924e-05 1.55453e-05
1.74066e+09 0.000315722 0.0044433 0.000597177 1 -0.000405716 -0.000214197 -3.21299e-05
1.74066e+09 0.000410262 0.00359588 0.000360092 1 -0.000460495 -7.9332e-05 -6.80342e-07
1.74066e+09 0.000163531 0.00463994 -0.000103992 1 -0.000153695 4.36953e-05 0.00023882
1.74066e+09 -0.000805831 0.00460756 0.0013591 1 -0.000245911 0.000144545 4.38446e-05
1.74066e+09 -0.000458871 0.00481564 0.0012765 1 -0.000214926 9.34908e-05 -0.000161381
1.74066e+09 -0.000648151 0.00544049 0.00188767 1 -0.000316208 0.000119796 0.000156588
1.74066e+09 -0.000219012 0.00240255 0.000651404 1 -3.83269e-05 -9.11994e-05 -0.000330404
1.74066e+09 -0.000400047 0.00229107 0.000477767 1 -0.000279517 -0.000239997 -1.00357e-05
1.74066e+09 -4.4093e-05 0.00421603 0.000105374 1 -0.000184224 -0.000153396 6.30232e-05
1.74066e+09 0.000493488 0.0042036 -7.25315e-05 1 -0.000271802 -0.000100878 -1.3786e-05
1.74066e+09 0.000322514 0.00674995 0.000210256 1 -0.00028098 -1.11971e-05 0.000238983
1.74066e+09 -0.000324568 0.00688103 2.68978e-05 1 -0.000199568 -6.58523e-05 -5.82198e-05
1.74066e+09 0.000334231 0.00705994 0.000124271 1 -0.000249507 -6.10907e-05 -0.000107712
1.74066e+09 1.89621e-05 0.00711127 -0.0016499 1 -0.000559235 -0.000172608 -2.3666e-05
1.74066e+09 0.000112976 0.00566708 0.000178469 1 -0.000203261 -0.000136949 -4.56633e-05
1.74066e+09 0.000897048 0.00507579 0.000290765 1 -0.00045439 -0.000213983 0.00010898
1.74066e+09 0.000860943 0.00593295 0.000831793 1 -0.000323147 1.74266e-05 0.000131767
1.74066e+09 -0.000540619 0.00583505 0.00112653 1 -0.000291558 6.61708e-05 0.000107443
1.74066e+09 -0.000524943 0.00915424 0.000346312 1 -0.000334114 -5.67345e-05 0.000146542
1.74066e+09 -0.000668936 0.00662212 0.00038486 1 -9.771e-05 -2.59988e-06 4.10491e-06
1.74066e+09 -9.51426e-05 0.00600712 0.00088414 1 -2.00116e-06 9.75467e-05 -7.20318e-05
1.74066e+09 0.000658234 0.00412014 0.000464698 1 -0.00013667 -0.000162673 -0.000291646
1.74066e+09 0.00074286 0.00588206 -0.000257356 1 -0.000152645 -7.48262e-06 5.48635e-05
1.74066e+09 0.00117509 0.00410975 -0.000881191 1 -0.00023317 -0.000127909 0.000226595
1.74066e+09 0.000761427 0.00647176 -0.00103839 1 -0.000222576 -0.000284797 0.000117942
1.74066e+09 -5.49528e-05 0.00598279 -0.000632535 1 -0.000333905 -1.4772e-05 -3.88414e-05
1.74066e+09 0.000210434 0.00534474 -0.000939372 1 -0.00020978 -0.000245416 3.45486e-06
1.74066e+09 -0.0004366 0.00500216 -0.00111638 1 -0.000347982 -8.23437e-05 -0.00016974
1.74066e+09 -0.00212399 0.00400588 0.000736428 1 -0.000280315 8.41525e-05 -0.000165604
1.74066e+09 -0.00105224 0.00457574 -1.29373e-05 1 -0.000131504 -0.00019641 -4.9374e-05
1.74066e+09 -0.000548317 0.00542717 0.00083873 1 -0.000145671 0.000103611 0.00048029
1.74066e+09 -0.000412124 0.00418681 0.000886876 1 -0.000553677 2.03383e-05 7.78193e-05
1.74066e+09 6.11689e-05 0.0032437 0.00145769 1 -0.000144889 0.00020422 8.32661e-05
1.74066e+09 -0.000129545 0.000701789 0.000153964 1 -0.000439343 -3.6125e-05 1.30876e-05
1.74066e+09 0.000352529 0.000206062 0.00139239 1 -0.00036771 -0.000198988 -0.000441984
1.74066e+09 0.000707572 0.00112282 -3.97812e-05 1 -0.000372495 -4.57346e-05 4.41263e-05
1.74066e+09 -0.000535622 0.0014673 0.000725598 1 -0.000570981 -0.000171334 -8.03772e-05
1.74066e+09 0.000288778 0.0025688 0.000152709 1 -0.000247596 -5.68985e-05 -4.1479e-05
1.74066e+09 0.0012398 0.00340209 0.000723103 1 -0.000495565 -2.93545e-05 0.000283602
1.74066e+09 -0.000236664 0.00274674 0.00117056 1 -0.000209439 -0.000232754 2.64893e-05
1.74066e+09 -0.000410459 0.00348869 0.00157309 1 -0.000365296 -5.55383e-05 0.000121203
1.74066e+09 0.000706131 0.00702812 -0.000805762 1 -0.000592059 -0.000363986 -3.52004e-05
1.74066e+09 -0.00077325 0.00603669 0.00083555 1 -0.000416481 -0.00020611 -6.81724e-05
1.74066e+09 -0.00129912 0.00489778 0.000165142 1 -0.000198994 -0.000106821 -0.000353182
1.74066e+09 -0.00136205 0.00645885 0.000558123 1 -0.000324587 -0.000225865 0.000131458
1.74066e+09 -0.00143561 0.00615824 -0.000455298 1 -0.000205853 -8.57463e-05 -9.66088e-05
1.74066e+09 -0.000843198 0.00512634 0.000558545 1 -0.000341955 2.45154e-05 -7.34427e-05
1.74066e+09 0.000275716 0.00332333 -0.000101353 1 7.61378e-05 0.000136226 -2.57601e-05
1.74066e+09 0.00136865 0.00172878 -0.00204017 1 -0.00037772 -4.17269e-05 5.54208e-05
1.74066e+09 0.000526356 0.00328805 -0.000265028 1 -0.000221592 -5.70189e-05 0.000128776
1.74066e+09 0.000849823 0.00484298 -0.00104204 1 -0.00030997 -0.000231741 2.23227e-05
1.74066e+09 0.000262233 0.00423166 -0.000241123 1 -0.000245785 -0.000142694 -2.31351e-05
1.74066e+09 -0.00095493 0.00294462 0.000503989 1 -0.000490279 -0.000228927 0.000122737
1.74066e+09 -0.000510723 0.00201495 0.000855575 1 -0.000391378 7.51557e-05 0.000153389
1.74066e+09 -7.44228e-05 0.00259389 0.000277204 1 -0.000256754 -6.9033e-05 4.12453e-05
1.74066e+09 0.000727407 0.00233291 0.000421152 1 -0.000471738 -3.57395e-05 -1.42259e-05
1.74066e+09 1.33765e-05 0.0033019 -9.89697e-05 1 -0.000247589 -0.000349908 -0.000116671
1.74066e+09 -0.000527012 0.00591582 -0.000121144 1 -0.0001427 -0.000138842 -4.46793e-05
1.74066e+09 -0.000349701 0.00686301 -0.000551886 1 -0.000184765 -3.53768e-05 6.0194e-05
1.74066e+09 0.00033286 0.00767272 -0.000733706 1 -0.000417096 -0.000302935 0.000307173
1.74066e+09 0.000301598 0.00718662 0.000444264 1 -0.000410693 -0.000132005 2.22134e-05
1.74066e+09 -0.000732186 0.00745735 -0.000396076 1 -8.12117e-05 -4.16039e-05 -5.94567e-05
1.74066e+09 -0.000516764 0.00710237 -0.00227578 1 -0.000299369 -0.000232324 -5.80626e-06
1.74066e+09 0.000939523 0.00626296 -0.00239744 1 -0.000441382 -0.000247756 0.000256634
1.74066e+09 7.54004e-05 0.0045399 -0.000580924 1 -0.000291049 -0.000265252 -0.000153926
1.74066e+09 0.000157087 0.00431146 0.000840501 1 -0.00034355 -2.93754e-05 0.000127978
1.74066e+09 -0.000564991 0.00202257 0.00175675 1 -0.000459123 -0.000177081 -2.91053e-05
1.74066e+09 -0.000557671 0.00258349 0.0012035 1 -0.000303663 -9.79009e-06 6.0646e-05
1.74066e+09 0.000436547 0.00310495 -2.40393e-05 1 -0.000260621 -0.000129719 0.000203151
1.74066e+09 0.000362297 0.00290501 0.000711305 1 -0.000259756 -1.3362e-05 -8.71481e-05
1.74066e+09 0.000320651 0.00525617 0.000857684 1 -0.000331465 -4.94578e-05 -1.87379e-05
1.74066e+09 -0.000130671 0.00656881 0.00010421 1 -0.000387996 -6.06555e-05 -7.10632e-05
1.74066e+09 0.000484325 0.00817918 0.000755419 1 -0.000277434 -0.000174443 0.000101281
1.74066e+09 0.000210733 0.00730699 0.000764078 1 -0.000178501 0.000132644 0.000175207
1.74066e+09 2.31877e-05 0.00795085 -0.000740792 1 -0.000138018 -0.000164344 6.74548e-05
1.74066e+09 0.00032569 0.0083158 -0.000814723 1 -0.000328183 -5.4941e-05 0.000156532
1.74066e+09 0.000636277 0.00790611 -0.00104256 1 -0.000119135 -9.97893e-05 5.48047e-05
1.74066e+09 -0.000246334 0.00549056 -0.00129122 1 -0.000170319 -0.00015139 -3.48835e-05
1.74066e+09 -0.00078421 0.00294734 -0.000581571 1 -0.000432331 -0.000103066 0.000226827
1.74066e+09 -0.0017952 0.00292538 -0.000442091 1 -0.000333267 -0.000246532 -0.00014509
1.74066e+09 -0.00113614 0.0031511 -0.000253974 1 -0.000372795 8.83901e-06 0.000109111
1.74066e+09 0.000226543 0.00217904 -0.000991665 1 -0.000390377 -0.000223831 -0.00018408
1.74066e+09 -0.000959786 0.00365218 0.0016117 1 -0.00026093 -0.000138779 -0.000150419
1.74066e+09 -0.00101978 0.0045935 0.00138722 1 -0.000196042 0.000128315 -2.13719e-05
1.74066e+09 0.000445017 0.00641977 0.00191054 1 -0.00035937 -0.000188343 2.21503e-05
1.74066e+09 0.000218028 0.00478407 0.000883423 1 -0.000195809 -4.65432e-06 -0.000124326
1.74066e+09 -0.000880428 0.00152834 0.00100636 1 -6.19213e-05 -1.23601e-05 -0.00019704
1.74066e+09 -0.000756549 0.00355382 -0.000362047 1 -0.000306573 -0.00010395 6.9235e-05
1.74066e+09 -0.000464021 0.00392576 -5.31258e-05 1 -0.000332437 -2.21152e-05 -4.10626e-07
1.74066e+09 0.000562196 0.00499055 -0.0007176 1 -0.000151253 4.89624e-05 0.000195126
1.74066e+09 0.000896623 0.0053857 0.000962182 1 -0.000324037 -0.000179984 0.000349382
1.74066e+09 0.000874449 0.00668589 -0.000138786 1 -4.4046e-05 -6.05052e-05 6.01168e-05
1.74066e+09 0.000576201 0.00786229 -0.000611166 1 -0.00031168 -0.000290669 0.00036098
1.74066e+09 -0.00125356 0.00680291 6.0514e-05 1 -0.000340328 -3.46044e-05 -1.43743e-06
1.74066e+09 -0.00204834 0.00826509 0.00129816 1 -0.0002853 -8.51392e-05 6.70964e-05
1.74066e+09 -0.0021547 0.00747808 0.00145541 1 -0.000370404 -4.68022e-05 1.01055e-05
1.74066e+09 -0.000730805 0.00739553 0.000911165 1 -0.000210555 -0.000104612 -4.3257e-05
1.74066e+09 0.000172932 0.00634972 -0.000400201 1 -0.000306047 -2.26101e-06 4.22106e-05
1.74066e+09 -0.000453693 0.00559659 -0.000541878 1 -0.000244295 2.91751e-05 0.00011806
1.74066e+09 -0.000701795 0.0032802 0.00079552 1 -0.00027945 -6.24463e-05 -0.000109384
1.74066e+09 -0.000257229 0.00283945 -0.000211277 1 -0.000375052 -0.000117574 4.90627e-05
1.74066e+09 -0.00101315 0.00257492 0.000410793 1 -0.00014099 0.000130184 0.000145874
1.74066e+09 -0.000509651 -4.91576e-05 -8.77013e-06 1 -0.000263861 -7.65334e-05 -8.58708e-05
1.74066e+09 8.07312e-05 6.10991e-05 0.00110628 1 -0.000433985 5.26735e-05 0.000189982
1.74066e+09 0.000536133 0.00078072 0.000756478 1 -0.000307379 -6.2715e-05 -7.47506e-05
1.74066e+09 0.000827903 0.00272054 0.00179895 1 -0.000424171 -0.000112486 0.000184529
1.74066e+09 0.000182419 0.00541435 0.00118805 1 -0.000142212 0.000146791 -5.67229e-05
1.74066e+09 0.000231517 0.00669226 0.00131584 1 -0.000280054 -0.000177941 0.00011465
1.74066e+09 -0.000380604 0.00592293 0.000137503 1 -0.000141471 1.85466e-05 0.000224332
1.74066e+09 0.000249854 0.00726798 -0.00142807 1 -0.000237666 -0.00034515 0.000157911
1.74066e+09 5.8686e-05 0.00631264 -0.000751908 1 -7.90277e-05 -2.36697e-05 -8.52045e-05
1.74066e+09 0.000606017 0.00598436 -0.000513014 1 -0.000290939 -0.000122119 -2.35357e-05
1.74066e+09 0.000792149 0.00477996 -0.00177692 1 -0.000222948 -0.000132972 -3.9076e-05
1.74066e+09 -0.000397426 0.00436166 -0.000599777 1 -0.000244741 3.54354e-05 -4.70918e-05
1.74066e+09 -0.00119881 0.00441415 -0.000266155 1 -0.000377329 -3.22174e-05 -1.14311e-05
1.74066e+09 1.60109e-05 0.00322823 -0.000960956 1 -0.000583299 -0.000274657 9.81319e-05
1.74066e+09 0.000568331 0.00496217 7.5309e-05 1 -0.000342443 -0.000190388 -3.92786e-05
1.74066e+09 0.000329784 0.00201479 0.000800768 1 4.94137e-06 4.79339e-05 -0.000110326
1.74066e+09 3.04884e-05 0.0047429 0.00023954 1 -0.000205545 -0.000152717 8.72964e-05
1.74066e+09 -8.57612e-05 0.00406788 0.0014965 1 -0.000262026 -1.59371e-05 -0.00020603
1.74066e+09 4.43749e-05 0.00657402 -0.000106026 1 -0.000254427 -4.07778e-05 -8.85957e-05
1.74066e+09 0.000236487 0.00721484 0.00109537 1 -0.000235816 7.82553e-05 0.000244705
1.74066e+09 0.00063387 0.00791973 0.00108246 1 -0.000183526 -6.44068e-05 0.000238344
1.74066e+09 0.000468917 0.00707812 0.00123476 1 -5.92848e-05 4.35933e-07 3.8171e-05
1.74066e+09 0.00136892 0.00522229 0.000614341 1 -0.000349631 -0.000282901 4.29148e-05
1.74066e+09 0.00038395 0.00557059 0.000991571 1 -1.06064e-05 0.000236209 0.000117791
1.74066e+09 0.000637681 0.00571975 -0.000182742 1 -0.000222208 -0.00017679 -3.57442e-05
1.74066e+09 -0.000386049 0.00242829 -0.000544612 1 6.85616e-05 3.36725e-05 -4.11563e-05
1.74066e+09 -0.000137106 0.00147906 -0.000847647 1 -0.000324973 -4.26747e-05 7.08341e-05
1.74066e+09 0.000729451 0.00157145 -0.001565 1 -0.000526717 -0.00034538 -3.49875e-05
1.74066e+09 0.000575966 0.00282184 -0.00077002 1 -0.000265772 -0.000103791 0.000234087
1.74066e+09 0.000199453 0.00509158 5.90302e-06 1 -0.000568642 -0.000149976 0.00013968
1.74066e+09 -0.000217989 0.00534082 0.000959137 1 -0.000363265 -7.04962e-05 2.57427e-05
1.74066e+09 -0.00104581 0.0042311 0.00123651 1 -0.000376961 0.000104278 5.9882e-05
1.74066e+09 -0.00208366 0.003648 0.00193044 1 -0.000119673 -0.000193081 6.1025e-05
1.74066e+09 -0.00180061 0.00513128 0.00129184 1 -0.000109843 5.20404e-05 -0.000125172
1.74066e+09 -0.000564847 0.00334191 0.000918997 1 -5.46457e-05 4.55075e-05 -4.98536e-05
1.74066e+09 0.000494194 0.00563243 -0.000307772 1 -0.000361011 -0.00021907 0.000307923
1.74066e+09 4.4913e-05 0.00743149 0.00114745 1 -0.000324764 3.93106e-06 -8.94713e-05
1.74066e+09 0.000515068 0.00867072 0.000509198 1 -0.000257228 -0.000144186 0.000151234
1.74066e+09 -0.00149086 0.00869903 0.00125458 1 -0.000101278 -7.77833e-05 -5.22612e-05
1.74066e+09 -0.00300308 0.00684233 0.000530983 1 -5.3318e-05 -5.18871e-06 -0.000104771
1.74066e+09 -0.00229854 0.00653297 0.000675028 1 -0.000297473 -0.000114673 0.000374442
1.74066e+09 -0.000995802 0.00487676 -0.000752674 1 -0.00021956 -5.95869e-05 -0.000134474
1.74066e+09 0.000183998 0.00601515 -0.000668714 1 -0.000305858 -0.000255688 0.000181259
1.74066e+09 -0.000968172 0.003926 -0.0004956 1 -0.000167977 -4.60298e-05 -0.000177422
1.74066e+09 -6.83041e-05 0.00437677 0.000603264 1 -0.00027549 -0.000125132 -3.93554e-06
1.74066e+09 -0.00119216 0.00386803 0.000358027 1 -0.000181376 4.53873e-06 7.251e-05
1.74066e+09 -0.000160613 0.00580447 3.16872e-05 1 -0.000390792 -0.000112905 0.000239678
1.74066e+09 0.000331941 0.00511195 0.00030762 1 -0.000362209 -1.98439e-05 6.26627e-05
1.74066e+09 0.00133572 0.0042586 -0.000148055 1 -0.000388093 -0.000114313 0.000255132
1.74066e+09 0.000522228 0.00422434 -1.08104e-05 1 -0.000300691 6.04631e-05 7.10574e-06
1.74066e+09 -0.000454549 0.00309049 9.59145e-05 1 -0.000477219 -0.000338485 -0.00013659
1.74066e+09 -0.000791342 0.00453327 0.000657993 1 -0.000131409 3.77466e-05 3.08774e-06
1.74066e+09 -0.00144325 0.00612817 0.00123367 1 -0.000308458 0.000154239 0.000267059
1.74066e+09 -0.000680598 0.00444821 0.00191612 1 -0.000326709 -4.67368e-05 -8.89254e-05
1.74066e+09 0.000533859 0.00360596 0.0012144 1 -0.000286363 -7.89631e-05 -7.66213e-05
1.74066e+09 0.00078249 0.0046892 0.00138306 1 -0.000339814 -3.08415e-05 -4.98528e-05
1.74066e+09 -0.000858647 0.00433152 0.00032397 1 -0.000126106 -0.00015194 -0.00016369
1.74066e+09 -0.000370415 0.00668649 0.000194311 1 -0.000391728 -0.00037756 4.62952e-05
1.74066e+09 -0.000334136 0.00521812 -9.08381e-05 1 -0.000138635 -4.65633e-05 -0.000196013
1.74066e+09 0.000581503 0.00519324 -0.000913123 1 -0.000291903 -0.000238978 0.000305259
1.74066e+09 0.000514924 0.00403495 -0.00186924 1 -0.000200506 -0.000300589 -1.36804e-05
1.74066e+09 0.00122543 0.00333037 -0.00102439 1 -0.000369764 -0.000245551 9.1782e-05
1.74066e+09 0.000886378 0.00341597 -0.000321658 1 -0.000407462 -0.000243809 0.000223433
1.74066e+09 0.000773173 0.00316465 0.000302568 1 -0.000311689 -7.89838e-05 0.000315284
1.74066e+09 0.000531717 0.00358613 -3.56982e-05 1 -0.000334524 -0.000188025 0.000214439
1.74066e+09 0.000254075 0.00376252 0.000332172 1 -0.00040741 -5.81389e-05 9.77165e-05
1.74066e+09 -0.000192684 0.00429867 -0.000393923 1 -0.00022338 -9.37747e-05 -0.000191325
1.74066e+09 -0.000702075 0.00492626 0.000941425 1 -0.000196908 0.000187728 8.46061e-05
1.74066e+09 -0.000663058 0.00715739 0.000373938 1 -0.000218101 -1.90767e-05 -0.000141494
1.74066e+09 -0.000224857 0.00665261 0.000781966 1 -0.000207494 -5.29048e-05 5.76134e-05
1.74066e+09 0.0010709 0.00754131 0.000870518 1 -0.000109063 -0.000113657 -7.75578e-05
1.74066e+09 0.00129846 0.00594431 0.000979944 1 -0.000218328 -0.000120358 2.60488e-05
1.74066e+09 0.00192554 0.00740035 -0.000113699 1 -0.000364672 -0.000408157 4.86173e-05
1.74066e+09 0.000596649 0.00583685 0.000104487 1 -2.33247e-05 0.000129864 -0.000284475
1.74066e+09 0.000186518 0.00796101 -0.000626332 1 -0.000331175 -0.00018518 0.000362768
1.74066e+09 -0.00245848 0.00569565 0.000282354 1 -0.000122642 -9.58989e-05 4.85474e-05
1.74066e+09 -0.00184454 0.00290382 0.000319792 1 -0.000123471 -0.000108898 -0.000335284
1.74066e+09 0.000334533 0.00388864 -0.000735474 1 -0.000444722 -0.000200052 0.000182677
1.74066e+09 0.001005 0.00344787 -0.000796938 1 -0.000298113 -5.77971e-05 1.87589e-05
1.74066e+09 0.00109942 0.0035921 -0.000621104 1 -0.000647843 -0.00012791 -0.000115718
1.74066e+09 0.000625504 0.00544944 -0.000237313 1 -0.000389112 -0.000268443 2.06539e-05
1.74066e+09 -0.0011376 0.00508559 0.000300855 1 -0.000453975 0.000123501 -7.40527e-05
1.74066e+09 0.000352732 0.00437336 0.000901855 1 -0.000421421 -0.000118049 0.00014296
1.74066e+09 -9.42658e-05 0.00269606 0.000705544 1 -0.000139525 2.35326e-05 -0.000284526
1.74066e+09 0.000406123 0.000846637 0.00043199 1 -0.000229866 -6.40431e-05 0.000123804
1.74066e+09 0.0014869 0.00205605 -0.000486702 1 -0.000374313 -0.000216868 -2.95762e-05
1.74066e+09 0.00109183 0.000554109 0.000642586 1 -0.000454685 -0.000187903 0.000224256
1.74066e+09 -0.000790522 0.00234296 0.00039637 1 -0.000190294 -0.000191766 -0.000198288
1.74066e+09 -0.00160075 0.00402033 0.00169755 1 -9.59156e-05 7.38838e-05 -0.000171738
1.74066e+09 -0.000546223 0.00388537 0.000457893 1 -5.28671e-05 -4.94904e-07 -0.00018463
1.74066e+09 0.000791561 0.00535824 0.000665994 1 -0.000399354 -0.000156213 5.75735e-06
1.74066e+09 0.000723357 0.00543656 -0.000466274 1 -0.000234684 -9.55764e-05 4.74821e-06
1.74066e+09 0.00105108 0.00485772 -0.000964237 1 -0.00019373 -0.000256651 -0.000273613
1.74066e+09 0.00112831 0.00180558 -0.00166134 1 -0.000289237 -0.000165763 0.000107999
1.74066e+09 -0.000800063 0.00064303 3.2655e-05 1 -0.000359451 -9.40528e-05 0.00012518
1.74066e+09 -0.00164821 0.00311602 0.00178177 1 -0.00025265 -1.97973e-05 6.48616e-05
1.74066e+09 -0.000634036 0.00302137 0.000658674 1 -0.000496528 -0.000111864 0.000265267
1.74066e+09 -0.00114021 0.00458951 0.00138534 1 -0.000314327 9.60336e-05 0.000106979
1.74066e+09 5.09211e-05 0.00480347 0.000793024 1 -0.000229177 6.56834e-05 3.21881e-05
1.74066e+09 0.000845816 0.00406054 -0.000512194 1 -0.000247251 -0.000200833 -5.81994e-05
1.74066e+09 0.00123043 0.00401315 -0.00085911 1 -0.000369936 -0.000205233 0.000261609
1.74066e+09 0.000356566 0.00195369 0.000353333 1 -0.000285654 -0.000171175 -0.000103871
1.74066e+09 -0.000135212 0.00293171 -3.40143e-05 1 -0.000395017 -0.000120233 -2.81506e-05
1.74066e+09 -0.000551717 0.00452468 0.000899677 1 -0.000287793 6.18097e-05 3.55957e-05
1.74066e+09 0.000137634 0.00264669 -2.92233e-05 1 -0.00017771 -0.000189173 -0.00020128
1.74066e+09 0.000323709 0.00507619 0.0011563 1 -0.000195017 -2.60496e-07 0.000140827
1.74066e+09 -0.00158511 0.0039274 0.00155551 1 -5.39485e-05 7.23367e-05 -0.000130528
1.74066e+09 -0.00166236 0.00438009 0.000857945 1 -0.000527502 -0.000155418 0.000126975
1.74066e+09 -0.000653385 0.00535851 0.000116656 1 -0.00048376 -8.45467e-05 -0.000201031
1.74066e+09 0.000493645 0.00671475 -0.000657869 1 -0.000380438 -0.000121101 4.1227e-05
1.74066e+09 0.00111537 0.00681132 -0.00093464 1 -0.000301558 -0.000187661 0.000122171
1.74066e+09 0.00111848 0.00605123 -0.0011962 1 -0.000297071 -0.000223679 -0.000140865
1.74066e+09 -0.000702626 0.00738658 -0.000192749 1 -0.000293665 -2.73677e-05 0.000139965
1.74066e+09 -0.000962235 0.00676256 -0.000375608 1 -0.000217351 0.000186875 0.000230473
1.74066e+09 -0.00094272 0.00682184 0.00117921 1 -0.00026337 -5.97992e-05 -4.4359e-05
1.74066e+09 6.17629e-05 0.00345957 0.00143046 1 -0.000326545 -3.04176e-05 2.76226e-05
1.74066e+09 0.000384615 0.00329362 0.000758669 1 -0.000232638 0.000110625 0.000200624
1.74066e+09 0.000830885 0.003108 0.000405512 1 -0.000430483 -3.09137e-05 0.000175449
1.74066e+09 0.00139088 0.00279146 -0.000803795 1 -0.000261828 -0.000166586 5.918e-05
1.74066e+09 0.00134805 0.00121061 0.0006247 1 -0.000267583 -0.000129045 -0.000224028
1.74066e+09 0.00184961 0.000689062 -1.26248e-07 1 -0.00033381 -0.000225853 -1.51444e-05
1.74066e+09 0.000143135 0.00233044 0.000320186 1 -7.35267e-05 0.000132519 -0.000117321
1.74066e+09 0.000814922 0.00409961 4.30998e-05 1 -0.000309102 -9.22865e-05 0.000180709
1.74066e+09 0.000765528 0.00272276 0.000727266 1 -0.000312114 -0.000116882 5.52641e-05
1.74066e+09 0.00140958 0.00471185 -0.000289165 1 -0.000243576 -0.000288194 4.0972e-05
1.74066e+09 0.000711417 0.00542365 -0.000766059 1 -0.000328452 -4.33214e-05 -0.00013507
1.74066e+09 -0.000610868 0.00449669 -0.000379348 1 -0.000481307 -0.000112515 -9.3892e-05
1.74066e+09 -0.00223865 0.00553659 -0.000161862 1 -0.000339367 -0.000265171 3.94929e-06
1.74066e+09 -0.0024152 0.00756364 0.000326869 1 -0.000113833 -3.34306e-05 4.47276e-05
1.74066e+09 -0.000461999 0.00799929 -0.000168981 1 -0.00037713 -1.34267e-05 -5.65105e-06
1.74066e+09 0.00164618 0.00727233 0.000387895 1 -0.000214285 -0.000127691 0.000297056
1.74066e+09 -0.000434408 0.00620882 0.00104661 1 -0.000367887 -0.000179524 7.45837e-05
1.74066e+09 -0.00101511 0.00361226 0.00109795 1 -0.000117839 -3.19661e-06 -0.00011937
1.74066e+09 -0.00257178 0.00488367 0.00101022 1 -0.000420316 2.79828e-05 8.04724e-05
1.74066e+09 -0.00142558 0.00346612 0.000488572 1 -0.000442445 6.5112e-05 0.000108669
1.74066e+09 0.00117678 0.00299052 -0.000777384 1 -0.000302361 -0.000215295 8.32155e-05
1.74066e+09 0.000874709 0.00199019 0.00101206 1 -0.000114513 0.000193478 -0.000167357
1.74066e+09 0.00108741 0.00165938 0.00048394 1 -0.000196791 -0.000102147 -2.60283e-06
1.74066e+09 -0.000684243 0.000381721 0.00184988 1 -0.000378024 -0.000205885 4.89001e-05
1.74066e+09 -0.000686992 0.00144263 0.00070698 1 -0.000187581 -4.11998e-05 -0.000183447
1.74066e+09 -9.15466e-05 0.00228104 0.00124215 1 -0.00034122 -0.000111512 -5.05413e-05
1.74066e+09 -0.000123871 0.00442142 0.000208174 1 -0.000127277 -2.50592e-06 -0.000168768
1.74066e+09 -6.8549e-05 0.00665704 -0.00105112 1 -0.000267912 -0.000131261 0.000187991
1.74066e+09 -0.000510586 0.00704392 -0.00076104 1 -0.000321087 -0.000105361 0.000234132
1.74066e+09 -0.000414582 0.00724054 0.000493564 1 -0.00039547 -0.00028609 -0.000112614
1.74066e+09 -0.000120486 0.00582332 0.000444714 1 -0.000144473 -4.15592e-05 -3.4884e-05
1.74066e+09 0.000364905 0.00665393 -0.00068596 1 -0.000164374 -0.000164347 4.89093e-05
1.74066e+09 0.000121811 0.00309948 0.000183264 1 -0.000207934 -0.000179804 -0.000243347
1.74066e+09 -0.000244848 0.00240597 -0.000267912 1 -0.000381997 -0.000133589 -4.70472e-05
1.74066e+09 -0.000344553 0.00450623 0.000702021 1 -0.000295106 -0.000101152 2.03066e-05
1.74066e+09 0.000390903 0.00601764 0.000603844 1 -0.000414784 -0.000142227 0.000175202
1.74066e+09 0.000198508 0.00560827 0.000993334 1 -0.00028474 -1.85438e-05 6.00777e-05
1.74066e+09 -0.00105866 0.00494969 0.00115276 1 -0.00019524 1.84686e-05 -2.64065e-05
1.74066e+09 -0.00153604 0.00310068 0.00234743 1 -0.000317797 1.85694e-05 -0.000235172
1.74066e+09 -0.00153634 0.00509324 0.00289089 1 -0.000241636 1.23579e-07 -7.89396e-05
1.74066e+09 -0.000735128 0.00496809 0.00241678 1 -0.000245136 1.39396e-05 -3.10558e-05
1.74066e+09 0.000509113 0.0049437 0.000816094 1 -0.000114528 -1.99075e-05 -4.47753e-05
1.74066e+09 0.000283011 0.00510799 0.000355584 1 -8.95854e-05 -0.00012912 0.000298408
1.74066e+09 0.000611957 0.00294361 -0.000116669 1 -0.000256027 -0.000151091 2.78746e-05
1.74066e+09 0.00046743 0.00377112 -0.000795256 1 -0.000358236 -0.000357883 -8.56547e-05
1.74066e+09 0.000823295 0.00377249 -0.000875818 1 -0.000171839 -0.000166362 0.000245233
1.74066e+09 0.00128628 0.0041161 -0.00127954 1 -0.000167315 -0.000111026 0.000114312
1.74066e+09 0.000546205 0.00664568 1.84242e-05 1 -0.000382794 -3.90806e-05 0.000194885
1.74066e+09 3.26474e-05 0.00695151 0.000520683 1 -0.000136072 0.000199579 -0.000191387
1.74066e+09 0.000290621 0.00792727 0.000628795 1 -0.000331079 -3.63045e-05 6.61567e-05
1.74066e+09 0.000916261 0.0064785 0.000669681 1 -0.000224552 5.12919e-05 0.000203298
1.74066e+09 0.00170839 0.0073104 0.000255349 1 -0.000267938 -0.000223675 -6.48746e-05
1.74066e+09 0.0022939 0.00460003 -0.00094699 1 -0.000396501 -0.000217062 0.000143704
1.74066e+09 0.00191383 0.00564299 -0.0014 1 -0.000165838 -0.000202641 0.000125249
1.74066e+09 0.00161728 0.00418789 0.000103202 1 -0.000270158 -6.09424e-05 -0.000162854
1.74066e+09 0.000719339 0.00255797 -0.000325924 1 -0.000146909 5.07075e-06 -7.13323e-05
1.74066e+09 0.000864723 0.000686813 0.00166168 1 -0.000365487 -0.000103661 6.49015e-05
1.74066e+09 0.0018766 0.00258039 0.00160886 1 -0.000400002 -0.000176819 -1.26049e-05
1.74066e+09 0.00174887 0.00365479 0.00192858 1 -0.000378861 -0.000132767 2.71179e-06
1.74066e+09 0.00173024 0.00535186 0.000960112 1 -0.000104476 -0.000273301 -1.67482e-05
1.74066e+09 0.000602291 0.0037453 0.000724535 1 -0.000253864 -8.72234e-05 -0.000118167
1.74066e+09 -0.00119476 0.00474422 -8.91178e-06 1 -0.00018366 -0.000166624 -0.00010232
1.74066e+09 -0.00034885 0.00444532 -0.000935875 1 -0.000203666 -0.000239686 7.11744e-05
1.74066e+09 -3.69661e-05 0.00629486 -0.00106837 1 -0.000305282 -9.03731e-05 -1.50932e-05
1.74066e+09 0.0013302 0.00559436 -0.000798519 1 -0.000349761 -0.000104943 4.18181e-06
1.74066e+09 0.00123697 0.0048754 -0.00137129 1 -0.000413873 -0.00019506 6.16799e-05
1.74066e+09 0.000811131 0.0043281 -0.000889014 1 -0.000251394 -0.000105429 -0.000297486
1.74066e+09 0.00101078 0.00100048 -4.04218e-05 1 -0.000304887 -0.000302816 -1.16324e-05
1.74066e+09 0.00138238 0.00339587 0.000271702 1 -0.00042261 -1.71716e-05 -3.631e-05
1.74066e+09 -0.000706355 0.00475187 0.00242595 1 -0.00028813 1.24517e-05 0.000266356
1.74066e+09 7.0683e-07 0.0068658 0.000914487 1 -0.000258011 -2.16908e-05 -0.00024442
1.74066e+09 0.00116542 0.00972203 0.00164826 1 -0.000330905 1.89012e-05 0.000185062
1.74066e+09 -0.000446453 0.00749228 0.000887199 1 -0.000316058 -7.34468e-05 6.51966e-05
1.74066e+09 0.000472428 0.00574011 0.00174079 1 -0.000305368 -0.000149855 -9.82927e-05
1.74066e+09 0.000917263 0.00253036 0.0008218 1 -0.000220541 -9.69631e-05 -0.000346203
1.74066e+09 0.00191086 0.00244481 0.00111465 1 -0.0002295 -0.000379962 6.95251e-05
1.74066e+09 0.000320059 0.00516115 0.000404268 1 -0.000272466 -0.000194461 0.000100801
1.74066e+09 0.000704565 0.00486973 -0.000127831 1 -0.000391901 -0.000240118 0.000183399
1.74066e+09 0.00124254 0.00392354 -0.000264616 1 -0.000470159 -0.000268415 -0.000240733
1.74066e+09 0.00138641 0.0039305 -0.000253219 1 -0.000348128 -0.000139871 0.000208484
1.74066e+09 0.00124091 0.0034071 0.000195826 1 -0.000450355 -0.000215271 -0.000166912
1.74066e+09 0.00147768 0.00113824 -0.000394074 1 -0.000435051 -9.28032e-05 0.000150077
1.74066e+09 0.000116267 0.00340502 0.000401173 1 -0.000123281 -5.971e-05 9.38171e-06
1.74066e+09 0.000749003 0.0046002 -0.000118674 1 -0.000326687 -0.00020507 0.00010314
1.74066e+09 0.00111001 0.00910549 -0.000957048 1 -0.000461232 -0.00014607 7.79016e-05
1.74066e+09 0.0021055 0.00471973 -0.00139965 1 -0.000371275 -0.000333668 0.00010113
1.74066e+09 0.00148709 0.00470833 -0.000333429 1 -0.000330594 -7.82165e-05 2.21608e-05
1.74066e+09 0.000428202 0.00413764 -0.00036513 1 -0.000394727 -0.000187073 -5.91478e-05
1.74066e+09 0.000389274 0.00678269 0.00126668 1 -0.000346092 -0.000214119 -4.96255e-05
1.74066e+09 0.00103277 0.00678906 0.000857249 1 -0.000188426 -7.65442e-05 0.000117084
1.74066e+09 0.00117152 0.00548757 0.00133163 1 -0.000271086 -0.000136697 0.000120835
1.74066e+09 0.00246208 0.00613396 0.000376233 1 -0.00015859 -0.000111027 0.000103801
1.74066e+09 0.00191928 0.00715338 0.00130743 1 6.85752e-06 -4.80751e-05 -6.60182e-05
1.74066e+09 0.000596171 0.00725395 0.000666966 1 -0.000119651 -0.000203993 -8.12827e-05
1.74066e+09 -0.000136424 0.00588495 0.000506517 1 -0.00027973 -0.000198279 9.28751e-05
1.74066e+09 -0.000271693 0.00549885 0.000680513 1 -0.000264598 -4.62282e-05 -2.11539e-05
1.74066e+09 0.000603711 0.00457382 -0.000600591 1 -0.000334595 -5.93838e-06 6.9313e-05
1.74066e+09 0.00171284 0.00192515 -0.000571973 1 -0.000266938 -4.00433e-05 -9.99333e-05
1.74066e+09 0.0010673 0.00183253 -0.000425211 1 -0.000201432 -4.25599e-05 -0.000119904
1.74066e+09 0.001045 0.00318943 -0.00093105 1 -0.000557518 -0.000220351 -0.000146292
1.74066e+09 0.00174012 0.00378009 -0.00143213 1 -0.00016927 -4.24004e-05 -1.70404e-05
1.74066e+09 0.00150632 0.00596288 -0.00157939 1 -0.000278185 -5.77154e-05 0.0002362
1.74066e+09 0.000956467 0.00546996 -0.000797488 1 -0.000262194 -0.000196676 0.000164273
1.74066e+09 9.75152e-05 0.00461909 -0.000335313 1 -0.00027408 9.74737e-06 -0.000141453
1.74066e+09 0.000592139 0.00522401 0.000438476 1 -0.000264348 6.89777e-06 4.57969e-05
1.74066e+09 0.00170313 0.00488539 0.000170649 1 -0.000412163 -0.000171216 -5.26581e-05
1.74066e+09 0.00112642 0.00272681 0.00161578 1 -0.00011142 0.000194822 -3.83182e-05
1.74066e+09 0.00167321 0.0037754 0.00105983 1 -0.000324521 -0.000149582 0.000144755
1.74066e+09 0.00214279 0.00478643 0.00101427 1 -0.000204468 -6.41515e-05 2.59592e-05
1.74066e+09 0.00238311 0.00503039 -0.000535138 1 -0.000249103 -0.000218237 0.000325836
1.74066e+09 0.0016892 0.00387841 -0.000863189 1 -0.000145941 -7.70046e-05 8.98648e-05
1.74066e+09 0.00106042 0.00367833 -0.00103092 1 -0.000354042 -5.52735e-05 7.87641e-05
1.74066e+09 -0.000884836 0.00387613 0.00025259 1 -0.000210312 -0.0002272 -0.000119061
1.74066e+09 -0.00239101 0.00553271 0.000441001 1 -0.00010303 0.000117547 4.93544e-05
1.74066e+09 -0.00236498 0.0062134 0.000372806 1 -0.000294519 5.29723e-05 -5.33687e-05
1.74066e+09 -0.0012734 0.00450954 0.00170786 1 -0.000324341 -0.000121077 -0.000160603
1.74066e+09 0.00114292 0.00589734 -0.000381116 1 -0.000183827 -1.1647e-05 0.000182003
1.74066e+09 0.00324276 0.00489066 -0.000921228 1 -0.00021647 -0.000132823 0.000226958
1.74066e+09 0.00267948 0.00646162 -0.00135911 1 -0.000307569 -0.000176909 -0.000181268
1.74066e+09 0.00193713 0.00417922 -0.000492514 1 -0.000294519 -0.00023838 -4.36259e-05
1.74066e+09 0.00165402 0.00390414 -0.00114898 1 -0.000338089 -0.000245987 -5.84239e-05
1.74066e+09 -0.00110822 0.00454791 0.00219966 1 -0.000204667 -1.89238e-05 7.74042e-05
1.74066e+09 -0.00106736 0.00362381 0.00164047 1 -0.000174126 -5.55639e-05 0.000224536
1.74066e+09 -0.00152688 0.00204076 0.00322541 1 -0.000161877 9.76408e-05 -0.00019223
1.74066e+09 -0.00104345 0.00264552 0.00211912 1 -0.000251115 -0.000244238 2.83813e-05
1.74066e+09 0.000370289 0.00495303 0.00248048 1 -0.000272935 -9.32711e-05 6.6778e-05
1.74066e+09 -0.000113724 0.00506353 0.000784058 1 -0.000231115 -0.0001349 -2.10823e-05
1.74066e+09 -8.53017e-05 0.00659023 0.000505978 1 -0.00035644 4.00075e-06 0.000341856
1.74066e+09 0.000942635 0.00681367 -0.00075654 1 -0.000256348 -2.67974e-05 -6.7343e-05
1.74066e+09 0.000966706 0.00512696 -0.00061084 1 -0.000287381 -5.09392e-05 -3.04338e-05
1.74066e+09 0.0016778 0.00371384 -0.000866769 1 -0.000268614 -0.000162427 7.47809e-05
1.74066e+09 0.00117172 0.00330877 -0.000844619 1 -0.000368385 -8.9683e-05 1.83354e-05
1.74066e+09 0.000296774 0.00454271 0.00166467 1 -0.000347344 -0.000107889 0.000252066
1.74066e+09 0.00133486 0.00491284 -0.00107298 1 -0.000368914 -0.00021499 -5.9713e-05
1.74066e+09 0.00141561 0.0047244 -0.00116406 1 -0.000368041 -0.000115932 -6.62123e-05
1.74066e+09 0.00214697 0.000534559 -0.00152292 1 -0.000356522 -0.000360678 -1.11196e-05
1.74066e+09 0.00139263 0.00254821 0.000374885 1 -0.000353672 -0.00016668 -0.000152811
1.74066e+09 0.00130748 0.002445 0.000801845 1 -0.000302406 -0.00019073 6.81349e-05
1.74066e+09 0.00138239 0.00235237 0.00194537 1 -0.000334184 -3.78336e-05 -9.95316e-05
1.74066e+09 0.00141987 0.000973697 0.00143202 1 -0.000326724 -0.000193976 0.000167952
1.74066e+09 0.00152644 0.00382922 0.00158381 1 -0.000240803 -0.000123146 -3.01258e-05
1.74066e+09 0.00165411 0.00409047 0.000130496 1 -0.000291171 -0.000172595 -0.00020778
1.74066e+09 0.0018891 0.00470608 0.000155008 1 -0.000269383 -0.000317082 -2.99519e-05
1.74066e+09 0.00178794 0.00314984 -0.000705554 1 -0.000189655 -0.000109874 -3.15035e-05
1.74066e+09 0.00180527 0.00466853 -0.000568964 1 -0.000419425 -0.000354857 0.000186084
1.74066e+09 0.00156108 0.00566825 -0.000610555 1 -0.000287741 -0.000244548 -8.08352e-06
1.74066e+09 0.00118054 0.00591539 -0.00115114 1 -0.000538678 -0.000280347 0.000183434
1.74066e+09 -0.000127773 0.00499965 -7.76769e-05 1 -0.00022111 -5.72897e-05 -0.000116532
1.74066e+09 0.000423665 0.00677851 -1.90289e-05 1 -0.000296813 -0.000261511 8.39763e-05
1.74066e+09 0.00103663 0.00765325 -0.000262554 1 -0.000235076 -6.47071e-05 8.02946e-05
1.74066e+09 0.00114701 0.00387992 -6.64944e-05 1 -0.000175306 -0.000143565 -1.48294e-05
1.74066e+09 0.000865115 0.00550268 0.00017326 1 -0.000131038 -2.42471e-05 0.000244161
1.74066e+09 0.000977772 0.00336246 0.000290703 1 -0.000385964 -0.000115735 1.21307e-05
1.74066e+09 0.000989253 0.00164858 -0.000408656 1 -0.000207399 -0.000112523 -0.000167489
1.74066e+09 0.00172961 0.00170409 -0.000533965 1 -0.000418364 -5.98444e-05 0.000167446
1.74066e+09 0.00220427 0.00228221 -0.000277033 1 -0.000261799 -6.50621e-05 0.000164546
1.74066e+09 0.00169359 0.0026862 0.00094272 1 -0.000229899 -0.000127064 8.40993e-07
1.74066e+09 0.00154709 0.0015882 0.000560195 1 -0.000312604 -5.05734e-05 1.40096e-05
1.74066e+09 0.000886378 0.00213875 0.000524388 1 -0.000134568 8.45157e-05 4.94796e-05
1.74066e+09 0.00189254 0.00533154 -0.00046702 1 -0.000424156 -0.000248565 0.000412779
1.74066e+09 0.000392491 0.00682161 -0.000730929 1 -0.000407047 3.16088e-06 0.000192665
1.74066e+09 -0.000339705 0.00649223 -0.000984423 1 -0.000148445 -9.53828e-06 7.97012e-05
1.74066e+09 -0.00185978 0.00649304 0.000379121 1 -0.000179296 -8.68535e-05 -1.12619e-05
1.74066e+09 -0.000117622 0.00488701 -0.000666345 1 -0.000223778 3.01846e-05 2.21465e-06
1.74066e+09 0.0020337 0.00459784 -0.000633198 1 -0.000266252 -0.000178483 -9.58792e-05
1.74066e+09 0.00244783 0.00404636 -0.000672232 1 -0.000271167 -7.04141e-05 -3.54214e-05
1.74066e+09 0.00146173 0.00436244 -0.00103443 1 -0.000379611 -0.000249512 -0.000152366
1.74066e+09 0.00134012 0.00233172 -0.000342869 1 -0.00034067 -0.000163044 -9.1835e-05
1.74066e+09 0.00127424 0.00341341 -0.00019537 1 -0.000418249 -0.000291209 4.89087e-05
1.74066e+09 -0.00126666 0.00353235 0.00212711 1 -0.00033462 -7.01904e-05 4.25924e-05
1.74066e+09 -0.000521513 0.0037478 0.00117886 1 -0.000329734 -0.00014826 1.91885e-05
1.74066e+09 0.00013585 0.00344954 0.0013606 1 -0.000269841 -6.203e-05 0.000164636
1.74066e+09 0.00114692 0.00595184 0.000410951 1 -0.000236526 -0.000171644 0.000238455
1.74066e+09 -0.000707561 0.00469467 0.00154129 1 -0.000318362 -3.93778e-06 -0.000102781
1.74066e+09 0.00015078 0.0033732 0.0014504 1 -5.98836e-05 -0.000128877 -0.000187749
1.74066e+09 0.001955 -0.000100619 0.0012379 1 -0.000442043 -0.000268762 0.000181411
1.74066e+09 0.000140704 0.00237833 4.07112e-05 1 -0.000243593 -5.30136e-05 -1.00715e-05
1.74066e+09 -0.000439741 0.00447711 0.00140358 1 -0.000483493 -0.000400442 2.21346e-05
1.74066e+09 0.000137202 0.00399119 -0.000570443 1 -0.000208676 4.67026e-05 -0.000132115
1.74066e+09 -6.49045e-05 0.00472894 -0.000763299 1 -0.000276193 9.74765e-06 -8.79421e-05
1.74066e+09 0.000592939 0.00437413 -5.00113e-05 1 -0.000248937 -4.10054e-05 9.82494e-05
1.74066e+09 0.000104554 0.00460515 0.000386292 1 -0.00041665 -4.18013e-05 0.000151798
1.74066e+09 -0.000469142 0.00565584 0.00161177 1 3.85314e-06 -2.83206e-05 -6.66457e-05
1.74066e+09 0.00088211 0.00619954 -0.000522244 1 -0.000185078 -9.94799e-05 3.48051e-05
1.74066e+09 0.00155989 0.00840257 -0.00116381 1 -0.000495518 -0.000278035 0.00019441
1.74066e+09 0.00209246 0.00709113 -0.00259235 1 -0.000455168 -0.000439941 1.97633e-05
1.74066e+09 0.000740153 0.00753788 -0.000509995 1 -0.000304772 -0.000154961 3.82302e-05
1.74066e+09 0.000670821 0.00485223 -0.000937276 1 -0.000240525 -3.45921e-05 -0.000100052
1.74066e+09 -0.000150281 0.00619975 0.000820638 1 -0.000169666 -4.44209e-05 6.76192e-05
1.74066e+09 0.00122312 0.00477645 0.000200903 1 -0.000238851 -0.000106079 1.57612e-05
1.74066e+09 0.00159748 0.00527673 0.000779713 1 -0.000169933 3.09968e-05 0.000142536
1.74066e+09 0.000691121 0.00202817 0.000669674 1 0.000184425 2.73223e-05 -0.000394739
1.74066e+09 0.00102224 0.0028925 0.00157014 1 -0.000306752 -0.000185014 8.36615e-05
1.74066e+09 0.00147229 0.00035235 0.00041876 1 -0.00036195 -0.000221838 0.000162785
1.74066e+09 0.000870237 0.00232954 0.000185557 1 -0.000280801 -0.000122559 -0.000183361
1.74066e+09 0.000889787 0.00243399 0.000108486 1 -8.26865e-05 -0.000145909 -0.00012429
1.74066e+09 0.00138432 0.00328001 -0.000694172 1 -0.000330988 -0.000226431 0.000178328
1.74066e+09 0.000629665 0.00468281 -0.0010736 1 -0.000364577 -0.000170392 -7.11419e-05
1.74066e+09 0.000963764 0.00561281 -0.00119467 1 -0.000165101 -0.000276517 -0.000510282
1.74066e+09 0.00150437 0.00650217 -0.000553373 1 -0.000133997 -5.24341e-05 0.000162246
1.74066e+09 0.000579706 0.00585552 -0.000636402 1 -0.000343821 -3.47876e-05 0.000185119
1.74066e+09 0.00117437 0.00384292 -8.40384e-05 1 -0.000235028 -0.000124488 8.87746e-05
1.74066e+09 0.0014932 0.00518776 -8.09621e-05 1 -0.000303219 -0.000137473 0.000240893
1.74066e+09 0.000815197 0.00143486 -0.000350445 1 -0.000289224 -4.41656e-05 -4.35674e-05
1.74066e+09 0.00151527 0.00155615 -0.000276595 1 -0.000348844 -0.00023511 -1.09651e-06
