1.74075e+09 9.98291 0.234902 0.380999 0.999825 0.00733527 0.00343349 -0.0168821
1.74075e+09 9.97299 0.292752 0.383231 0.999814 0.00715894 0.00403859 -0.0175031
1.74075e+09 9.97407 0.280186 0.384276 0.999816 0.00712491 0.00407412 -0.0173857
1.74075e+09 9.97432 0.276319 0.384697 0.999816 0.00711496 0.00409648 -0.0173541
1.74075e+09 9.97442 0.274792 0.384864 0.999817 0.00711261 0.00410969 -0.0173441
1.74075e+09 9.97435 0.273869 0.384971 0.999817 0.00711349 0.00411537 -0.0173331
1.74075e+09 9.97427 0.273275 0.38504 0.999817 0.00711413 0.00411907 -0.0173254
1.74075e+09 9.97422 0.272859 0.38509 0.999817 0.00711465 0.00412182 -0.01732
1.74075e+09 9.97419 0.272598 0.38513 0.999817 0.00711556 0.00412405 -0.017316
1.74075e+09 9.97416 0.2724 0.385161 0.999817 0.00711631 0.00412585 -0.0173128
1.74075e+09 9.97415 0.272243 0.385187 0.999817 0.00711693 0.00412733 -0.0173102
1.74075e+09 9.97413 0.272119 0.385208 0.999817 0.00711746 0.00412858 -0.0173082
1.74075e+09 9.97412 0.272015 0.385225 0.999817 0.0071179 0.00412965 -0.0173066
1.74075e+09 9.97411 0.271928 0.385236 0.999817 0.00711827 0.00413051 -0.0173052
1.74075e+09 9.9741 0.271854 0.385245 0.999817 0.00711859 0.00413125 -0.017304
1.74075e+09 9.97409 0.271745 0.385264 0.999817 0.00711889 0.00413226 -0.0173024
1.74075e+09 9.97409 0.27165 0.38528 0.999817 0.00711915 0.00413315 -0.017301
1.74075e+09 9.97408 0.271566 0.385295 0.999817 0.00711939 0.00413394 -0.0172998
1.74075e+09 9.97408 0.271492 0.385308 0.999817 0.0071196 0.00413465 -0.0172988
1.74075e+09 9.98559 0.29384 0.34161 0.999818 0.00711735 0.00413931 -0.0172646
1.74075e+09 9.98554 0.293788 0.341593 0.999818 0.00712239 0.00414904 -0.0172688
1.74075e+09 9.97677 0.304888 0.341376 0.999808 0.00738334 0.0042593 -0.0176593
1.74075e+09 9.97796 0.283183 0.343698 0.999815 0.00753037 0.0048479 -0.0170573
1.74075e+09 9.98265 0.271775 0.34178 0.999813 0.00702273 0.00457486 -0.0174886
1.74075e+09 9.98402 0.269292 0.341407 0.999811 0.00688027 0.00473367 -0.017574
1.74075e+09 9.98541 0.275369 0.342924 0.999827 0.00598485 0.00467586 -0.0170246
1.74075e+09 9.98661 0.274084 0.344139 0.999815 0.0063387 0.00428495 -0.0177042
1.74075e+09 9.98855 0.274539 0.345163 0.999829 0.00548993 0.00415068 -0.0171873
1.74075e+09 9.98558 0.271815 0.344675 0.999826 0.00586487 0.00310267 -0.0174919
1.74075e+09 9.98559 0.26846 0.343393 0.99984 0.00566919 0.00337713 -0.0166901
1.74075e+09 9.98219 0.277751 0.343354 0.999831 0.00480363 0.00276258 -0.0175633
1.74075e+09 9.98049 0.284601 0.3421 0.999843 0.00441118 0.00282129 -0.0169676
1.74075e+09 9.97913 0.286446 0.341173 0.999835 0.00466696 0.00280012 -0.017357
1.74075e+09 9.98125 0.281867 0.341626 0.999813 0.00515431 0.00289783 -0.0184652
1.74075e+09 9.98216 0.27721 0.341453 0.999834 0.00518966 0.00316276 -0.0171894
1.74075e+09 9.98169 0.278613 0.340379 0.999839 0.00508727 0.00296039 -0.0169994
1.74075e+09 9.98397 0.281006 0.339849 0.999831 0.00495484 0.00296392 -0.0174911
1.74075e+09 9.98617 0.282889 0.339436 0.999836 0.00488179 0.00318505 -0.0171822
1.74075e+09 9.9861 0.282728 0.339995 0.999837 0.00497131 0.00282602 -0.0171784
1.74075e+09 9.98608 0.284376 0.341168 0.999838 0.00495022 0.00281747 -0.0171029
1.74075e+09 9.98538 0.283827 0.342167 0.999836 0.00521178 0.00284488 -0.0171271
1.74075e+09 9.98482 0.284084 0.343917 0.999834 0.00514741 0.00292541 -0.017286
1.74075e+09 9.98297 0.283741 0.342015 0.999836 0.00507803 0.00285227 -0.0171635
1.74075e+09 9.98331 0.283036 0.341403 0.99984 0.00495965 0.00290962 -0.0169716
1.74075e+09 9.98296 0.280539 0.34211 0.999828 0.00523111 0.00268069 -0.0176542
1.74075e+09 9.98161 0.274683 0.343323 0.999829 0.00533445 0.00298725 -0.0174741
1.74075e+09 9.98278 0.27928 0.343979 0.999829 0.00518109 0.00284003 -0.0175752
1.74075e+09 9.98255 0.280789 0.344586 0.999833 0.00503154 0.00294491 -0.0173801
1.74075e+09 9.98409 0.284354 0.345668 0.999833 0.00510314 0.00288811 -0.0173535
1.74075e+09 9.98508 0.285023 0.344738 0.99983 0.0050706 0.00298332 -0.0174848
1.74075e+09 9.9819 0.285544 0.342798 0.999827 0.00493125 0.00343965 -0.0176158
1.74075e+09 9.98148 0.280741 0.341667 0.99983 0.00517471 0.00279778 -0.0175348
1.74075e+09 9.98136 0.283358 0.341552 0.999832 0.00510175 0.00277833 -0.0174267
1.74075e+09 9.981 0.282714 0.340411 0.999834 0.00526124 0.00330395 -0.0171837
1.74075e+09 9.98237 0.284213 0.341103 0.999826 0.0051706 0.00240779 -0.0178207
1.74075e+09 9.98068 0.289221 0.34133 0.999829 0.00488023 0.00281715 -0.0176423
1.74075e+09 9.98304 0.287601 0.34116 0.999832 0.00491236 0.00279395 -0.0174852
1.74075e+09 9.98236 0.281784 0.341628 0.999833 0.00503234 0.00320393 -0.0173207
1.74075e+09 9.98496 0.280388 0.343648 0.999839 0.00521934 0.00278378 -0.0169766
1.74075e+09 9.98663 0.275107 0.3436 0.999832 0.00505569 0.0024808 -0.0174738
1.74075e+09 9.98602 0.279684 0.343021 0.999831 0.00489471 0.00266883 -0.0175656
1.74075e+09 9.98433 0.284564 0.343197 0.999846 0.00483236 0.00300465 -0.0166683
1.74075e+09 9.98167 0.281247 0.34274 0.999832 0.00510893 0.00299287 -0.0173932
1.74075e+09 9.98072 0.285579 0.342917 0.99983 0.00504123 0.00300706 -0.0174955
1.74075e+09 9.98205 0.290425 0.342949 0.999828 0.00512845 0.00297328 -0.0175873
1.74075e+09 9.98132 0.29614 0.34336 0.999833 0.00477966 0.00274959 -0.0174509
1.74075e+09 9.98226 0.294181 0.34273 0.999833 0.00501478 0.00273359 -0.0173894
1.74075e+09 9.98008 0.292793 0.342014 0.999832 0.0051085 0.00323711 -0.0173588
1.74075e+09 9.98097 0.287372 0.341904 0.999835 0.00509567 0.00283422 -0.0172373
1.74075e+09 9.9815 0.285939 0.34219 0.999829 0.00515571 0.0031097 -0.0175263
1.74075e+09 9.98166 0.282585 0.340971 0.999835 0.00503002 0.00288586 -0.0172637
1.74075e+09 9.98282 0.27907 0.340839 0.999836 0.00516283 0.00277618 -0.0171907
1.74075e+09 9.98331 0.284022 0.340978 0.999833 0.00491632 0.00267808 -0.0174116
1.74075e+09 9.98182 0.282833 0.341392 0.999838 0.00501418 0.00283816 -0.0171015
1.74075e+09 9.98289 0.276291 0.340723 0.999836 0.00486268 0.0028508 -0.0172777
1.74075e+09 9.98241 0.274016 0.342084 0.999841 0.00507502 0.00293626 -0.016867
1.74075e+09 9.983 0.277601 0.341417 0.999834 0.00488039 0.00248811 -0.0174077
1.74075e+09 9.98481 0.27828 0.343774 0.999841 0.00484714 0.0026613 -0.0170166
1.74075e+09 9.98449 0.276031 0.343617 0.999831 0.00488195 0.00288451 -0.0175488
1.74075e+09 9.98534 0.271007 0.344083 0.999836 0.00510115 0.00298271 -0.0171462
1.74075e+09 9.98263 0.275741 0.343741 0.999833 0.0050037 0.00285447 -0.0174088
1.74075e+09 9.98188 0.278204 0.343507 0.999837 0.00503036 0.00277042 -0.0171702
1.74075e+09 9.98152 0.281409 0.341991 0.999836 0.00480856 0.00270949 -0.0173034
1.74075e+09 9.97964 0.288014 0.342237 0.999831 0.00535162 0.00336026 -0.0172745
1.74075e+09 9.98083 0.287425 0.341981 0.999834 0.00508657 0.00279551 -0.0173022
1.74075e+09 9.98275 0.284496 0.343712 0.999828 0.00501298 0.00290476 -0.0176583
1.74075e+09 9.98366 0.293392 0.343215 0.999833 0.00516179 0.00262821 -0.0173451
1.74075e+09 9.98462 0.290326 0.342889 0.999833 0.00500012 0.00275708 -0.0174069
1.74075e+09 9.984 0.288819 0.341155 0.999829 0.00491417 0.00247727 -0.0177103
1.74075e+09 9.98422 0.28782 0.340576 0.999826 0.00512235 0.00276531 -0.0177532
1.74075e+09 9.98575 0.286422 0.339872 0.999837 0.00487979 0.00277638 -0.0171915
1.74075e+09 9.98377 0.29102 0.339817 0.999835 0.00504867 0.0031654 -0.0171729
1.74075e+09 9.98322 0.287181 0.341178 0.999838 0.00511231 0.00287614 -0.0170595
1.74075e+09 9.98255 0.284073 0.342883 0.999835 0.00505614 0.00270581 -0.0172543
1.74075e+09 9.98277 0.28122 0.344491 0.999819 0.0052394 0.00313376 -0.0180522
1.74075e+09 9.9835 0.283242 0.344308 0.99983 0.00512929 0.00287736 -0.0174901
1.74075e+09 9.98241 0.285327 0.344246 0.99983 0.00523688 0.0034434 -0.0174072
1.74075e+09 9.98196 0.287063 0.342842 0.99983 0.00519408 0.00284972 -0.0175156
1.74075e+09 9.98249 0.282757 0.341697 0.999833 0.00497364 0.00279251 -0.0173901
1.74075e+09 9.98363 0.280839 0.341096 0.999827 0.0049685 0.00273577 -0.0177795
1.74075e+09 9.98204 0.280738 0.341624 0.999827 0.00508311 0.0029755 -0.0176772
1.74075e+09 9.98294 0.274538 0.341327 0.999821 0.00526705 0.0029412 -0.0179585
1.74075e+09 9.9838 0.277115 0.34201 0.999832 0.0051018 0.00307523 -0.0173466
1.74075e+09 9.98268 0.278186 0.341401 0.999836 0.00481489 0.00260683 -0.0173257
1.74075e+09 9.98326 0.27279 0.341618 0.999824 0.00507816 0.00283605 -0.0178906
1.74075e+09 9.98202 0.279672 0.341878 0.999828 0.00520425 0.00306318 -0.0175724
1.74075e+09 9.98566 0.283143 0.341942 0.999835 0.00509968 0.00271801 -0.0172589
1.74075e+09 9.98407 0.29372 0.342397 0.999837 0.00480609 0.00277457 -0.0172031
1.74075e+09 9.98461 0.294596 0.343721 0.999832 0.00513729 0.0034298 -0.0173033
1.74075e+09 9.98459 0.291075 0.343791 0.999835 0.00505214 0.00290364 -0.0172216
1.74075e+09 9.98371 0.287729 0.343004 0.999831 0.0052401 0.00326818 -0.0173641
1.74075e+09 9.98204 0.288513 0.344111 0.999833 0.00490706 0.00289028 -0.0173915
1.74075e+09 9.98238 0.282435 0.344003 0.999835 0.00525452 0.00294095 -0.0171813
1.74075e+09 9.98276 0.275108 0.343635 0.999826 0.00530779 0.00295395 -0.0177025
1.74075e+09 9.9815 0.281456 0.343655 0.99983 0.00527563 0.00322487 -0.0173822
1.74075e+09 9.98286 0.284879 0.343 0.999837 0.00507322 0.00304731 -0.0170966
1.74075e+09 9.98434 0.284292 0.341318 0.999835 0.00498856 0.00271632 -0.0172774
1.74075e+09 9.98205 0.288517 0.341094 0.999831 0.00497796 0.00273078 -0.0175482
1.74075e+09 9.98143 0.288258 0.34203 0.999831 0.00528555 0.00299849 -0.0173968
1.74075e+09 9.98269 0.290764 0.341588 0.999833 0.00508819 0.00276501 -0.0173953
1.74075e+09 9.98244 0.2884 0.340489 0.999831 0.0052349 0.00292802 -0.0174201
1.74075e+09 9.98227 0.285037 0.342677 0.999831 0.00506755 0.00270003 -0.0175077
1.74075e+09 9.98162 0.288675 0.341402 0.999827 0.00545266 0.00315544 -0.0175416
1.74075e+09 9.9817 0.290473 0.34138 0.999833 0.00507538 0.00292829 -0.0173655
1.74075e+09 9.98399 0.287852 0.340816 0.99983 0.00506559 0.00297452 -0.0174888
1.74075e+09 9.98359 0.288219 0.341502 0.999829 0.00522294 0.00311405 -0.0174876
1.74075e+09 9.98214 0.283541 0.341543 0.99983 0.00520971 0.00275365 -0.0175125
1.74075e+09 9.98219 0.282322 0.343692 0.999833 0.00493813 0.00307249 -0.0173421
1.74075e+09 9.98186 0.282283 0.342881 0.999835 0.00513799 0.00270683 -0.0172617
1.74075e+09 9.98057 0.285928 0.344169 0.999834 0.00518217 0.00319033 -0.0172308
1.74075e+09 9.9817 0.280867 0.344428 0.999835 0.0052297 0.00280825 -0.0171898
1.74075e+09 9.9824 0.283434 0.34277 0.999835 0.00494922 0.00285092 -0.0172599
1.74075e+09 9.98202 0.283693 0.341677 0.999836 0.00515323 0.00302833 -0.0171368
1.74075e+09 9.98299 0.28516 0.342229 0.999836 0.00491651 0.00281153 -0.0172501
1.74075e+09 9.98337 0.284453 0.341472 0.999833 0.00516793 0.00306546 -0.0173129
1.74075e+09 9.98116 0.284932 0.342065 0.999824 0.0053708 0.00334635 -0.017685
1.74075e+09 9.98181 0.286587 0.341278 0.999833 0.00531822 0.00301311 -0.0172666
1.74075e+09 9.98161 0.285781 0.342698 0.999835 0.00519448 0.00310369 -0.0171565
1.74075e+09 9.98316 0.280633 0.342091 0.999828 0.00520923 0.00274517 -0.0176329
1.74075e+09 9.98474 0.27884 0.341655 0.999831 0.00520534 0.00288441 -0.0174235
1.74075e+09 9.98519 0.281014 0.342036 0.999833 0.00505242 0.00285304 -0.017384
1.74075e+09 9.98464 0.27799 0.342546 0.999833 0.00486899 0.00286289 -0.0174282
1.74075e+09 9.983 0.288772 0.341392 0.999837 0.00499405 0.00300259 -0.0171515
1.74075e+09 9.983 0.288022 0.342937 0.999829 0.00517673 0.00289497 -0.017561
1.74075e+09 9.98202 0.28467 0.343797 0.999825 0.00509318 0.00296806 -0.0177735
1.74075e+09 9.98289 0.274898 0.343861 0.999833 0.00517564 0.0027433 -0.0173609
1.74075e+09 9.98347 0.281646 0.342906 0.999826 0.00513523 0.00277029 -0.0177393
1.74075e+09 9.98174 0.279554 0.342424 0.999827 0.00497543 0.00276492 -0.0177683
1.74075e+09 9.98229 0.277925 0.342048 0.999829 0.00503035 0.00290663 -0.0175837
1.74075e+09 9.98299 0.275416 0.342674 0.999827 0.00521896 0.0028945 -0.0176303
1.74075e+09 9.98289 0.277264 0.342364 0.999835 0.004906 0.00273116 -0.0173416
1.74075e+09 9.98301 0.275984 0.342558 0.999829 0.00513795 0.00277385 -0.0175958
1.74075e+09 9.98222 0.283872 0.342969 0.999831 0.0050926 0.00298801 -0.0174766
1.74075e+09 9.98184 0.275337 0.342798 0.999826 0.00522944 0.00282746 -0.0177335
1.74075e+09 9.98156 0.277588 0.341963 0.999826 0.00515367 0.00307263 -0.0176809
1.74075e+09 9.98352 0.277576 0.34136 0.999829 0.00507766 0.00277575 -0.0176249
1.74075e+09 9.9861 0.273103 0.34249 0.999829 0.00512969 0.00275128 -0.0175729
1.74075e+09 9.98689 0.271573 0.342399 0.99983 0.00507407 0.00282364 -0.0175605
1.74075e+09 9.98544 0.271399 0.342525 0.999837 0.00488405 0.00268291 -0.0172244
1.74075e+09 9.98471 0.274708 0.341388 0.999838 0.00489376 0.00267892 -0.0171601
1.74075e+09 9.98433 0.275448 0.34167 0.999834 0.00494876 0.00287192 -0.0173561
1.74075e+09 9.98481 0.275079 0.343249 0.999839 0.00500807 0.00266093 -0.0170479
1.74075e+09 9.98281 0.27311 0.343402 0.999833 0.00499863 0.00273031 -0.0173847
1.74075e+09 9.98293 0.273417 0.343983 0.999829 0.00508979 0.0028517 -0.0175945
1.74075e+09 9.98091 0.272278 0.343976 0.999831 0.00514367 0.00287506 -0.017448
1.74075e+09 9.98189 0.275368 0.345229 0.999834 0.00506431 0.00282941 -0.017309
1.74075e+09 9.98205 0.274215 0.344278 0.999832 0.00514518 0.00282548 -0.0174041
1.74075e+09 9.98214 0.274789 0.343469 0.999829 0.00497722 0.00287548 -0.0176012
1.74075e+09 9.9829 0.278953 0.341646 0.999841 0.00503684 0.00276218 -0.0169429
1.74075e+09 9.98294 0.276943 0.341146 0.999835 0.00485573 0.00277235 -0.017297
1.74075e+09 9.9811 0.27288 0.341029 0.999835 0.00514946 0.00285058 -0.0171992
1.74075e+09 9.98345 0.271058 0.342416 0.999833 0.00497584 0.00281187 -0.0174083
1.74075e+09 9.98459 0.274323 0.341699 0.999831 0.00517303 0.00284605 -0.0174346
1.74075e+09 9.98547 0.276527 0.342846 0.999839 0.00494993 0.00266221 -0.0170672
1.74075e+09 9.98587 0.284071 0.34185 0.999829 0.00494092 0.00276133 -0.017622
1.74075e+09 9.98502 0.28357 0.342276 0.999841 0.00502181 0.00284 -0.0169077
1.74075e+09 9.98429 0.276686 0.343804 0.999839 0.00475648 0.00271163 -0.0171159
1.74075e+09 9.98397 0.275456 0.343493 0.999837 0.00486945 0.00270838 -0.0172305
1.74075e+09 9.98356 0.276238 0.342893 0.999834 0.00491858 0.00264904 -0.0173727
1.74075e+09 9.98537 0.27717 0.342285 0.99984 0.00496165 0.00280589 -0.0170079
1.74075e+09 9.98357 0.271998 0.341166 0.999825 0.00521237 0.00278137 -0.0177671
1.74075e+09 9.9829 0.272754 0.340964 0.999829 0.00515455 0.002759 -0.01758
1.74075e+09 9.98202 0.275281 0.341624 0.999834 0.00504919 0.00279103 -0.0173227
1.74075e+09 9.98146 0.280593 0.342054 0.999829 0.00489994 0.00283948 -0.0176323
1.74075e+09 9.98317 0.276692 0.341914 0.999835 0.00491903 0.00274162 -0.0173008
1.74075e+09 9.98281 0.280537 0.341751 0.999833 0.00499149 0.00271461 -0.0173921
1.74075e+09 9.98583 0.281141 0.340703 0.999836 0.00511322 0.00260726 -0.0172371
1.74075e+09 9.98734 0.278447 0.339727 0.999834 0.00506481 0.00268961 -0.0173091
1.74075e+09 9.98582 0.281207 0.338976 0.999832 0.00523075 0.00268104 -0.0173929
1.74075e+09 9.9841 0.283889 0.338105 0.999838 0.0051429 0.00264567 -0.0170722
1.74075e+09 9.98259 0.282177 0.3393 0.999834 0.00500466 0.002631 -0.0173523
1.74075e+09 9.98313 0.283342 0.341599 0.999835 0.0049218 0.00267988 -0.0173065
1.74075e+09 9.98128 0.281122 0.341571 0.999829 0.00502444 0.00276475 -0.0176375
1.74075e+09 9.98232 0.279638 0.342622 0.999837 0.00504212 0.00295688 -0.0171178
1.74075e+09 9.98288 0.284299 0.341995 0.999839 0.00486166 0.00266792 -0.0171246
1.74075e+09 9.9838 0.284359 0.343122 0.999828 0.00506478 0.00296365 -0.0176489
1.74075e+09 9.98465 0.286716 0.343376 0.999833 0.00494637 0.00268786 -0.0174422
1.74075e+09 9.98367 0.285199 0.342226 0.999835 0.00514297 0.00270473 -0.0172689
1.74075e+09 9.98383 0.287655 0.342992 0.999835 0.00497034 0.00259638 -0.0173332
1.74075e+09 9.98323 0.288589 0.340817 0.999836 0.00519432 0.00251926 -0.0172226
1.74075e+09 9.98284 0.292173 0.341792 0.999838 0.00490279 0.0027082 -0.0171435
1.74075e+09 9.98362 0.286223 0.342772 0.999836 0.00502589 0.00273777 -0.017235
1.74075e+09 9.98333 0.284951 0.343019 0.999831 0.00507425 0.00291031 -0.0174736
1.74075e+09 9.98396 0.282042 0.341873 0.999834 0.00518881 0.00262264 -0.0173094
1.74075e+09 9.98279 0.275109 0.342566 0.999836 0.00500813 0.00280306 -0.0172066
1.74075e+09 9.98219 0.276569 0.342356 0.999843 0.00494225 0.00272388 -0.0168579
1.74075e+09 9.98376 0.285742 0.341744 0.99983 0.00509629 0.0028365 -0.0175173
1.74075e+09 9.98285 0.288497 0.341073 0.999832 0.00504268 0.00285599 -0.0174419
1.74075e+09 9.98301 0.285236 0.340497 0.999835 0.0051641 0.00267327 -0.0172286
1.74075e+09 9.9817 0.285145 0.340745 0.999836 0.00479291 0.00285761 -0.017255
1.74075e+09 9.98185 0.286056 0.342222 0.999834 0.00505654 0.00278202 -0.017308
1.74075e+09 9.98236 0.291034 0.343534 0.999834 0.00488288 0.00284665 -0.0173386
1.74075e+09 9.98392 0.283796 0.343739 0.999837 0.00515837 0.0028674 -0.0171312
1.74075e+09 9.98276 0.281098 0.343516 0.999835 0.0048481 0.00280605 -0.017316
1.74075e+09 9.98217 0.283654 0.343784 0.999831 0.00524588 0.00282934 -0.017411
1.74075e+09 9.98533 0.283369 0.342476 0.999844 0.00491454 0.00277086 -0.0167489
1.74075e+09 9.9843 0.286746 0.341809 0.999823 0.00523285 0.00266838 -0.0178842
1.74075e+09 9.98426 0.289662 0.341188 0.999838 0.00492965 0.00271183 -0.0171092
1.74075e+09 9.98444 0.291231 0.342344 0.999828 0.00506129 0.0027807 -0.0176367
1.74075e+09 9.98376 0.292613 0.342559 0.999838 0.00492653 0.00278357 -0.0170996
1.74075e+09 9.98294 0.287913 0.341848 0.999836 0.00508649 0.00280761 -0.0171952
1.74075e+09 9.9809 0.297104 0.34131 0.999822 0.00514679 0.00278287 -0.0179864
1.74075e+09 9.97887 0.294997 0.339219 0.999837 0.00501432 0.0025559 -0.0171731
1.74075e+09 9.98016 0.290572 0.339762 0.999833 0.00512037 0.00270192 -0.0173834
1.74075e+09 9.98324 0.292035 0.340227 0.999837 0.00500823 0.00287098 -0.0171347
1.74075e+09 9.98433 0.289358 0.342474 0.99983 0.00517696 0.00279452 -0.0175251
1.74075e+09 9.98369 0.289975 0.343208 0.999832 0.005127 0.0028684 -0.0174221
1.74075e+09 9.98372 0.286939 0.342872 0.999837 0.00503263 0.00280157 -0.0171383
1.74075e+09 9.9845 0.288934 0.344003 0.999833 0.00504906 0.00277478 -0.0173979
1.74075e+09 9.98591 0.284679 0.344184 0.999833 0.00513435 0.00298551 -0.0172966
1.74075e+09 9.98472 0.278137 0.343395 0.999832 0.00506259 0.00278694 -0.0174439
1.74075e+09 9.98461 0.278825 0.342759 0.999833 0.00489876 0.00279368 -0.0174411
1.74075e+09 9.98269 0.276959 0.342759 0.999835 0.00540292 0.00292318 -0.0171605
1.74075e+09 9.9805 0.281141 0.343606 0.999834 0.00505642 0.00280117 -0.0173284
1.74075e+09 9.98013 0.283012 0.343912 0.999833 0.00498084 0.00286016 -0.0173869
1.74075e+09 9.98108 0.286035 0.34394 0.999825 0.00506629 0.00296648 -0.0177911
1.74075e+09 9.98384 0.289019 0.344043 0.999829 0.00520068 0.00305847 -0.017506
1.74075e+09 9.9856 0.287896 0.344509 0.999834 0.00525799 0.00293295 -0.017254
1.74075e+09 9.98474 0.290491 0.342003 0.999834 0.00495262 0.0026587 -0.0173497
1.74075e+09 9.98285 0.294589 0.341403 0.999826 0.00531169 0.00271624 -0.017708
1.74075e+09 9.982 0.296927 0.34084 0.999834 0.00508676 0.00284576 -0.0172964
1.74075e+09 9.98145 0.29573 0.341556 0.999827 0.00522829 0.00281893 -0.0176601
1.74075e+09 9.98126 0.288849 0.340947 0.99983 0.00521994 0.00300708 -0.017467
1.74075e+09 9.98235 0.288336 0.342426 0.999838 0.00521803 0.00281089 -0.0170475
1.74075e+09 9.98403 0.284476 0.343681 0.999836 0.00504138 0.00283983 -0.017228
1.74075e+09 9.98519 0.278779 0.343306 0.999834 0.00507603 0.00271191 -0.0173091
1.74075e+09 9.9844 0.278521 0.343555 0.999834 0.00506248 0.00293236 -0.0172789
1.74075e+09 9.98317 0.278762 0.34446 0.999829 0.0050004 0.00285221 -0.0176243
1.74075e+09 9.98118 0.282798 0.344012 0.999833 0.00485349 0.00284936 -0.0174192
1.74075e+09 9.98033 0.286964 0.343388 0.999828 0.00512367 0.00281656 -0.0176144
1.74075e+09 9.9807 0.287105 0.342374 0.999832 0.00493018 0.00284 -0.0174344
1.74075e+09 9.98292 0.28688 0.342617 0.999831 0.00519629 0.00276238 -0.0174305
1.74075e+09 9.98327 0.288202 0.342293 0.999833 0.00499356 0.00278204 -0.0174205
1.74075e+09 9.98371 0.289843 0.342179 0.999832 0.00519853 0.00287734 -0.0173968
1.74075e+09 9.98382 0.287528 0.34241 0.999834 0.005058 0.00288801 -0.017328
1.74075e+09 9.98142 0.286364 0.34159 0.999827 0.00511319 0.00288388 -0.0176913
1.74075e+09 9.982 0.286689 0.341112 0.999834 0.00527427 0.00286214 -0.0172362
1.74075e+09 9.98256 0.281404 0.340601 0.999833 0.0051197 0.0029556 -0.0173178
1.74075e+09 9.98287 0.286424 0.341219 0.999832 0.00516164 0.0028302 -0.0174022
1.74075e+09 9.98299 0.286313 0.342523 0.999832 0.00513936 0.00300678 -0.0173545
1.74075e+09 9.98417 0.28652 0.343466 0.999828 0.00520032 0.00285531 -0.0175901
1.74075e+09 9.98374 0.290541 0.344439 0.999837 0.00494387 0.00293482 -0.0171744
1.74075e+09 9.9837 0.289916 0.34383 0.999833 0.00521215 0.00286289 -0.0173297
1.74075e+09 9.98321 0.289447 0.343362 0.999826 0.00497559 0.00283863 -0.0178131
1.74075e+09 9.98237 0.288931 0.34249 0.999833 0.00503905 0.00288449 -0.0173568
1.74075e+09 9.98217 0.288404 0.342373 0.999829 0.00505827 0.00291162 -0.017586
1.74075e+09 9.98164 0.291997 0.342838 0.999832 0.00515649 0.00278768 -0.0174113
1.74075e+09 9.98271 0.29041 0.343209 0.999832 0.00499894 0.00290331 -0.0174297
1.74075e+09 9.98375 0.291586 0.343385 0.999834 0.00510361 0.0028574 -0.017293
1.74075e+09 9.98296 0.295801 0.342539 0.999827 0.00519614 0.00294328 -0.0176682
1.74075e+09 9.98325 0.286989 0.341609 0.999831 0.00515379 0.00292501 -0.0174639
1.74075e+09 9.98195 0.283486 0.342151 0.999825 0.00521492 0.00292383 -0.0177766
1.74075e+09 9.98327 0.278893 0.341242 0.999829 0.00512569 0.0026709 -0.0176179
1.74075e+09 9.98366 0.27782 0.341863 0.999829 0.00513746 0.00271941 -0.017581
1.74075e+09 9.98383 0.279749 0.34068 0.999832 0.00498949 0.00279105 -0.0174379
1.74075e+09 9.98529 0.284623 0.341053 0.999832 0.00496769 0.00279529 -0.0174833
1.74075e+09 9.98521 0.284619 0.341178 0.999836 0.00516108 0.00276187 -0.0171877
1.74075e+09 9.98488 0.285553 0.341375 0.999835 0.00493933 0.00278166 -0.0173245
1.74075e+09 9.98417 0.285489 0.343569 0.999833 0.00512164 0.00287803 -0.017322
1.74075e+09 9.98419 0.28631 0.344243 0.999839 0.00494453 0.0027933 -0.0170504
1.74075e+09 9.98248 0.281769 0.343319 0.99983 0.00516248 0.00255429 -0.0175617
1.74075e+09 9.98348 0.280196 0.343266 0.999833 0.00500327 0.00289019 -0.0173558
1.74075e+09 9.98356 0.279054 0.343509 0.999832 0.00522636 0.00287687 -0.0173961
1.74075e+09 9.98332 0.281467 0.343314 0.999837 0.00492037 0.00278327 -0.0171648
1.74075e+09 9.9822 0.285013 0.342676 0.999827 0.00523277 0.0028396 -0.0176539
1.74075e+09 9.97946 0.282541 0.341638 0.999831 0.00495019 0.00280611 -0.0175078
1.74075e+09 9.97948 0.281976 0.340964 0.999832 0.00514298 0.00280393 -0.0173816
1.74075e+09 9.98037 0.281187 0.34133 0.999836 0.00503086 0.00286584 -0.017217
1.74075e+09 9.97932 0.27729 0.341119 0.999834 0.00501637 0.0028896 -0.0172905
1.74075e+09 9.98323 0.281698 0.341386 0.999835 0.00504764 0.0029061 -0.017217
1.74075e+09 9.98593 0.284312 0.340853 0.999835 0.00505618 0.00273857 -0.0172898
1.74075e+09 9.98517 0.289082 0.340633 0.999836 0.00512442 0.00281664 -0.0171589
1.74075e+09 9.9862 0.285375 0.341013 0.999837 0.00515943 0.00281686 -0.0171256
1.74075e+09 9.98427 0.28062 0.342104 0.999834 0.00501613 0.00280753 -0.0173289
1.74075e+09 9.98256 0.282063 0.342993 0.999836 0.00509136 0.00280349 -0.0172175
1.74075e+09 9.98415 0.281436 0.343372 0.999833 0.00504234 0.00267629 -0.0174043
1.74075e+09 9.98349 0.282884 0.342629 0.999832 0.00474124 0.00250907 -0.017573
1.74075e+09 9.98225 0.281492 0.343292 0.999836 0.0047606 0.00282194 -0.0172621
1.74075e+09 9.98218 0.286637 0.342789 0.999835 0.00501418 0.0028113 -0.0172825
1.74075e+09 9.98238 0.286846 0.343114 0.999831 0.0050149 0.00282172 -0.0175224
1.74075e+09 9.98346 0.286933 0.343144 0.999835 0.00503134 0.00283557 -0.0172825
1.74075e+09 9.98383 0.287302 0.342958 0.99984 0.00505598 0.00276662 -0.0170029
1.74075e+09 9.98257 0.287386 0.343872 0.999831 0.00495646 0.00287451 -0.0175047
1.74075e+09 9.98252 0.286057 0.344159 0.999829 0.00528567 0.00293644 -0.0174898
1.74075e+09 9.98272 0.281949 0.344058 0.999836 0.0052443 0.00301859 -0.0171128
1.74075e+09 9.98097 0.280817 0.343372 0.999832 0.00509579 0.00293465 -0.0174056
1.74075e+09 9.98114 0.285912 0.341845 0.999832 0.00512781 0.00297353 -0.0173573
1.74075e+09 9.98172 0.288161 0.342007 0.999832 0.00516358 0.00279605 -0.0173846
1.74075e+09 9.98276 0.284832 0.342428 0.999836 0.00507591 0.0028949 -0.0171593
1.74075e+09 9.98353 0.282926 0.3416 0.999834 0.00499747 0.00284729 -0.0173535
1.74075e+09 9.98526 0.277002 0.343142 0.999826 0.00523138 0.00279172 -0.0177112
1.74075e+09 9.98581 0.279648 0.343959 0.999839 0.00488725 0.00276942 -0.0170892
1.74075e+09 9.9844 0.285704 0.342213 0.99983 0.00476857 0.00263756 -0.017627
1.74075e+09 9.98293 0.286482 0.342313 0.999837 0.00501972 0.00296783 -0.0170984
1.74075e+09 9.98081 0.287128 0.342327 0.999835 0.00503038 0.00279391 -0.0172763
1.74075e+09 9.98177 0.282679 0.343635 0.999832 0.0051428 0.00304392 -0.0173576
1.74075e+09 9.98214 0.285767 0.343026 0.999831 0.00497222 0.00276465 -0.0175396
1.74075e+09 9.98287 0.284526 0.343641 0.999823 0.00521593 0.00292411 -0.0178796
1.74075e+09 9.98397 0.285116 0.343991 0.99983 0.00508722 0.0028492 -0.0175316
1.74075e+09 9.98225 0.285778 0.342905 0.999829 0.0051534 0.00289199 -0.0175381
1.74075e+09 9.98212 0.280929 0.342679 0.999831 0.0051028 0.00279963 -0.017454
1.74075e+09 9.98018 0.282211 0.343251 0.99983 0.00517309 0.00297325 -0.0174648
1.74075e+09 9.98032 0.282185 0.342143 0.999837 0.00492152 0.00274023 -0.0171803
1.74075e+09 9.98086 0.282341 0.342173 0.999827 0.00509468 0.00291128 -0.0176662
1.74075e+09 9.98185 0.284156 0.341339 0.999834 0.0049745 0.00277885 -0.0173675
1.74075e+09 9.98116 0.283927 0.341022 0.999833 0.00517523 0.00303636 -0.0173031
1.74075e+09 9.98182 0.285799 0.341583 0.99983 0.00510586 0.0029026 -0.0175369
1.74075e+09 9.98338 0.288764 0.342873 0.999832 0.00494459 0.00302171 -0.0174397
1.74075e+09 9.98405 0.28499 0.343453 0.999831 0.005076 0.00260703 -0.0174944
1.74075e+09 9.98376 0.285626 0.343267 0.999831 0.0049793 0.00293122 -0.0175122
1.74075e+09 9.98369 0.287048 0.343204 0.999832 0.00525293 0.00279975 -0.0173521
1.74075e+09 9.98376 0.281599 0.342644 0.99983 0.00496806 0.00276674 -0.0175699
1.74075e+09 9.98198 0.27832 0.343291 0.999835 0.00523315 0.00282345 -0.0172317
1.74075e+09 9.98189 0.277028 0.343133 0.99983 0.00511419 0.00279231 -0.0175379
1.74075e+09 9.98263 0.275778 0.343131 0.999835 0.00482271 0.00270456 -0.017356
1.74075e+09 9.98371 0.280933 0.34237 0.999832 0.00493106 0.00266829 -0.0174734
1.74075e+09 9.98436 0.284928 0.342233 0.999836 0.005124 0.00283129 -0.0171774
1.74075e+09 9.98488 0.287421 0.342105 0.999832 0.00505057 0.00293612 -0.0174352
1.74075e+09 9.98237 0.289109 0.34206 0.999833 0.0050774 0.00289508 -0.017336
1.74075e+09 9.98282 0.291316 0.341462 0.999836 0.00497251 0.00281771 -0.0172356
1.74075e+09 9.98134 0.284332 0.341861 0.999827 0.00513769 0.00286759 -0.0177035
1.74075e+09 9.9834 0.285028 0.34193 0.999838 0.00505061 0.00285499 -0.0170607
1.74075e+09 9.98296 0.28688 0.341244 0.999832 0.0050048 0.00283823 -0.0174161
1.74075e+09 9.98555 0.277866 0.342934 0.99983 0.00528894 0.00291541 -0.0174529
1.74075e+09 9.98607 0.275015 0.343218 0.999833 0.00511378 0.00287501 -0.0173682
1.74075e+09 9.9866 0.280062 0.343294 0.999832 0.0049969 0.00279671 -0.0174329
1.74075e+09 9.985 0.282106 0.344041 0.999831 0.00493471 0.00279741 -0.017521
1.74075e+09 9.98357 0.27845 0.342008 0.999838 0.00502199 0.00270456 -0.0171237
1.74075e+09 9.98453 0.28077 0.34116 0.999836 0.00492659 0.00283557 -0.0172116
1.74075e+09 9.98358 0.286772 0.341949 0.999831 0.00501216 0.00279271 -0.0174876
1.74075e+09 9.98109 0.288223 0.342863 0.999832 0.00509752 0.00285701 -0.0174387
1.74075e+09 9.98199 0.290028 0.343066 0.999832 0.00501195 0.00277358 -0.0174547
1.74075e+09 9.98091 0.289613 0.343775 0.999832 0.00497175 0.00272904 -0.0174795
1.74075e+09 9.98141 0.284973 0.343298 0.999831 0.00517574 0.00287618 -0.0174286
1.74075e+09 9.98086 0.282975 0.343325 0.999828 0.00514058 0.00279399 -0.017635
1.74075e+09 9.98203 0.282813 0.342212 0.999833 0.00513605 0.00290999 -0.017321
1.74075e+09 9.98194 0.283088 0.341878 0.999836 0.00503819 0.00280957 -0.0171879
1.74075e+09 9.98311 0.28245 0.34195 0.999825 0.0051316 0.0029028 -0.0177734
1.74075e+09 9.98421 0.287136 0.342661 0.999837 0.00513183 0.00294917 -0.0171
1.74075e+09 9.98456 0.2861 0.341532 0.999832 0.00502033 0.00281055 -0.0174607
1.74075e+09 9.98435 0.287768 0.341913 0.999834 0.00511075 0.00295177 -0.0172488
1.74075e+09 9.98311 0.284867 0.343177 0.999832 0.00502876 0.00298811 -0.0173871
1.74075e+09 9.98214 0.285467 0.342944 0.999829 0.00524879 0.00272732 -0.0175384
1.74075e+09 9.98265 0.285327 0.343521 0.999831 0.00497895 0.00278322 -0.0175367
1.74075e+09 9.98237 0.284416 0.344413 0.999832 0.00534301 0.00290696 -0.0173152
1.74075e+09 9.98484 0.279915 0.343815 0.999834 0.00499742 0.00282913 -0.0173124
1.74075e+09 9.9838 0.279588 0.343192 0.999834 0.00510315 0.0029338 -0.0172791
1.74075e+09 9.98254 0.280589 0.342909 0.999829 0.0052611 0.00308045 -0.0175006
1.74075e+09 9.98324 0.277914 0.341865 0.999833 0.00513321 0.00286534 -0.0173522
1.74075e+09 9.98205 0.279466 0.343065 0.999828 0.00527107 0.0029518 -0.0175858
1.74075e+09 9.98281 0.284765 0.343051 0.999834 0.00516408 0.00295199 -0.0172577
1.74075e+09 9.98403 0.286312 0.342775 0.999836 0.00492565 0.0028182 -0.0172279
1.74075e+09 9.98476 0.288507 0.340854 0.999831 0.00510275 0.00285915 -0.0174513
1.74075e+09 9.98364 0.286724 0.340407 0.999835 0.00505916 0.00280827 -0.0172513
1.74075e+09 9.98374 0.289051 0.340209 0.999837 0.00510321 0.00283029 -0.0171327
1.74075e+09 9.98323 0.290487 0.340629 0.999839 0.00492844 0.0027479 -0.0170693
1.74075e+09 9.98375 0.286605 0.341494 0.999834 0.00514694 0.00284447 -0.0172672
1.74075e+09 9.98377 0.284096 0.34208 0.999827 0.00499213 0.00295046 -0.0177253
1.74075e+09 9.98318 0.279163 0.34315 0.999838 0.00497446 0.00276106 -0.0171228
1.74075e+09 9.98198 0.278992 0.343737 0.999832 0.00503032 0.00280263 -0.0174573
1.74075e+09 9.98205 0.273938 0.342842 0.999837 0.00478213 0.00279755 -0.017215
1.74075e+09 9.9833 0.27883 0.342977 0.999834 0.00492042 0.00296089 -0.0173134
1.74075e+09 9.98221 0.28087 0.343062 0.999834 0.00522829 0.00285031 -0.0172709
1.74075e+09 9.98147 0.285025 0.343111 0.99983 0.0050609 0.00286261 -0.0175556
1.74075e+09 9.98197 0.287114 0.343699 0.999833 0.00504562 0.00294457 -0.017331
1.74075e+09 9.98243 0.287794 0.345087 0.999835 0.00509642 0.00282824 -0.0172201
1.74075e+09 9.98227 0.287561 0.344984 0.999838 0.0049125 0.00277042 -0.017157
1.74075e+09 9.9845 0.288751 0.344267 0.99983 0.00510408 0.00291055 -0.0175097
1.74075e+09 9.98457 0.284731 0.343999 0.99983 0.00542307 0.00301055 -0.0173847
1.74075e+09 9.98279 0.288429 0.342364 0.999834 0.00505842 0.00292546 -0.01728
1.74075e+09 9.98231 0.289051 0.341308 0.999834 0.00528353 0.0028041 -0.0172591
1.74075e+09 9.98326 0.289394 0.341555 0.999829 0.0051496 0.00274762 -0.0175967
1.74075e+09 9.9837 0.285978 0.341643 0.999828 0.00515415 0.00281173 -0.0176058
1.74075e+09 9.98377 0.281418 0.341483 0.999829 0.00490105 0.00263625 -0.0176492
1.74075e+09 9.98328 0.281177 0.341649 0.999838 0.0050493 0.00291464 -0.0170398
1.74075e+09 9.98258 0.281532 0.341912 0.999832 0.00508776 0.00265348 -0.0174252
1.74075e+09 9.98113 0.279699 0.342569 0.999836 0.00510431 0.00284293 -0.0172017
1.74075e+09 9.98375 0.279224 0.342526 0.999835 0.00502555 0.00284786 -0.0172823
1.74075e+09 9.98416 0.277464 0.342578 0.99983 0.00501763 0.00274116 -0.017556
1.74075e+09 9.98402 0.277065 0.342717 0.999831 0.00510501 0.00292675 -0.0174652
1.74075e+09 9.98297 0.280505 0.343387 0.999833 0.00502439 0.00292282 -0.0173455
1.74075e+09 9.98304 0.281932 0.343977 0.999833 0.00498213 0.00282198 -0.0173747
1.74075e+09 9.98371 0.280423 0.344889 0.999834 0.00506065 0.00287837 -0.0173027
1.74075e+09 9.98662 0.281272 0.343081 0.999833 0.00516743 0.00282655 -0.0173235
1.74075e+09 9.98521 0.284388 0.342099 0.999834 0.00493487 0.00296178 -0.0173438
1.74075e+09 9.98322 0.284532 0.341417 0.999834 0.00493111 0.00276677 -0.0173562
1.74075e+09 9.98303 0.282996 0.341905 0.999831 0.0051019 0.00294176 -0.0174812
1.74075e+09 9.98267 0.282934 0.341969 0.99983 0.00512093 0.00292485 -0.017482
1.74075e+09 9.98327 0.286635 0.341776 0.999832 0.00500563 0.00286961 -0.0174507
1.74075e+09 9.98139 0.287178 0.342176 0.999835 0.00493334 0.0027831 -0.017283
1.74075e+09 9.98269 0.285523 0.342677 0.999834 0.00495961 0.0026343 -0.0173935
1.74075e+09 9.98187 0.284418 0.342745 0.999831 0.00512213 0.00294466 -0.0174402
1.74075e+09 9.98288 0.279398 0.342081 0.999835 0.00493058 0.00289394 -0.0172852
1.74075e+09 9.98259 0.280285 0.343764 0.999833 0.00480249 0.00283234 -0.0174306
1.74075e+09 9.98281 0.277905 0.343835 0.999835 0.00516144 0.0028966 -0.0172083
1.74075e+09 9.98394 0.276013 0.343169 0.999827 0.00509029 0.00285461 -0.0176965
1.74075e+09 9.9837 0.279739 0.344091 0.999837 0.00503308 0.00295981 -0.0171524
1.74075e+09 9.98192 0.281562 0.343777 0.999834 0.00503441 0.00281688 -0.0173488
1.74075e+09 9.98083 0.283623 0.343839 0.999837 0.00495139 0.00288288 -0.0171671
1.74075e+09 9.97884 0.28513 0.343498 0.999832 0.00505304 0.00302204 -0.0174096
1.74075e+09 9.97882 0.284633 0.34309 0.999831 0.00509694 0.00289647 -0.0174721
1.74075e+09 9.98086 0.289143 0.342546 0.99983 0.00516413 0.00279229 -0.0175311
1.74075e+09 9.983 0.287714 0.342242 0.999832 0.00528458 0.00301461 -0.0173197
1.74075e+09 9.98264 0.28907 0.341259 0.99983 0.00527274 0.00276792 -0.0175065
1.74075e+09 9.98405 0.288279 0.340519 0.999835 0.00507138 0.00266489 -0.0172946
1.74075e+09 9.98469 0.290063 0.340429 0.99983 0.00519563 0.00284419 -0.0175251
1.74075e+09 9.98552 0.289983 0.340776 0.999834 0.0049342 0.00283452 -0.0173226
1.74075e+09 9.98373 0.287363 0.341002 0.999837 0.00501599 0.00298957 -0.0171441
1.74075e+09 9.98383 0.287867 0.341872 0.999835 0.00485495 0.00282014 -0.0172937
1.74075e+09 9.98231 0.28313 0.342348 0.999835 0.00488393 0.00293251 -0.0173166
1.74075e+09 9.98252 0.282914 0.342418 0.999835 0.0050453 0.00269051 -0.0172897
1.74075e+09 9.98198 0.280164 0.342934 0.999833 0.00495485 0.00273974 -0.017431
1.74075e+09 9.98088 0.277029 0.344093 0.999834 0.00519122 0.00294932 -0.0172676
1.74075e+09 9.98179 0.280909 0.344131 0.999833 0.00500428 0.00295991 -0.0173443
1.74075e+09 9.98307 0.284211 0.342888 0.999837 0.00505575 0.00283692 -0.0171635
1.74075e+09 9.9839 0.289705 0.344331 0.999835 0.00493388 0.0029357 -0.0172657
1.74075e+09 9.98389 0.289297 0.34255 0.999837 0.00512162 0.00281267 -0.0171145
1.74075e+09 9.98296 0.287909 0.343453 0.999832 0.00515033 0.00303085 -0.0173773
1.74075e+09 9.98264 0.285233 0.343526 0.999829 0.00517076 0.00274964 -0.0175993
1.74075e+09 9.98258 0.286516 0.343778 0.999829 0.00515739 0.00274468 -0.0175569
1.74075e+09 9.97929 0.287633 0.342874 0.999835 0.00509614 0.00286145 -0.0172665
1.74075e+09 9.98073 0.284886 0.341731 0.99983 0.00522248 0.00293663 -0.0175006
1.74075e+09 9.98231 0.283938 0.34072 0.999829 0.00514689 0.00285751 -0.0175412
1.74075e+09 9.98344 0.284065 0.341204 0.999832 0.00503704 0.00267378 -0.0174779
1.74075e+09 9.9862 0.286271 0.340876 0.999833 0.00495026 0.00259786 -0.0174215
1.74075e+09 9.98459 0.286372 0.341937 0.999828 0.00512656 0.00267976 -0.0176616
1.74075e+09 9.98332 0.286515 0.34401 0.999833 0.00497636 0.00289991 -0.0173611
1.74075e+09 9.98229 0.28399 0.343655 0.999841 0.00493873 0.0027701 -0.0169385
1.74075e+09 9.98285 0.279516 0.342943 0.99983 0.00496231 0.0027606 -0.0175716
1.74075e+09 9.98259 0.281385 0.342371 0.99984 0.00522377 0.00244166 -0.0169566
1.74075e+09 9.98199 0.282874 0.342055 0.999834 0.00507829 0.0028667 -0.0173077
1.74075e+09 9.98249 0.276386 0.342682 0.99983 0.00517724 0.00285838 -0.0174954
1.74075e+09 9.98228 0.281867 0.34367 0.999827 0.00514215 0.00289742 -0.0176691
1.74075e+09 9.98289 0.286536 0.343303 0.999833 0.00511743 0.00314941 -0.0173094
1.74075e+09 9.98332 0.28666 0.343304 0.999828 0.0050967 0.00273482 -0.0176395
1.74075e+09 9.98254 0.28467 0.342003 0.999835 0.00513965 0.00267946 -0.0172278
1.74075e+09 9.98234 0.284662 0.341101 0.999832 0.00496887 0.00277095 -0.0174626
1.74075e+09 9.9827 0.288486 0.339754 0.999836 0.00483325 0.00233791 -0.0173207
1.74075e+09 9.98422 0.289176 0.341089 0.999838 0.00490931 0.00261544 -0.0171624
1.74075e+09 9.98275 0.290675 0.341369 0.999834 0.00494669 0.00277354 -0.0173703
1.74075e+09 9.98335 0.284538 0.34354 0.999832 0.00527572 0.0031485 -0.0173044
1.74075e+09 9.98232 0.284134 0.342654 0.999831 0.00500599 0.0028527 -0.0175064
1.74075e+09 9.98279 0.280274 0.342267 0.999836 0.00501446 0.00336824 -0.0170959
1.74075e+09 9.9825 0.280629 0.342863 0.999833 0.00493007 0.00280132 -0.0174378
1.74075e+09 9.98215 0.279907 0.34277 0.999831 0.00500614 0.00277715 -0.0174845
1.74075e+09 9.98213 0.278788 0.344328 0.999831 0.00509984 0.00309619 -0.0174228
1.74075e+09 9.98275 0.27928 0.345015 0.999831 0.00507739 0.00283796 -0.0174589
1.74075e+09 9.98313 0.282286 0.345314 0.999833 0.00497515 0.00284033 -0.01742
1.74075e+09 9.98474 0.276714 0.343882 0.999834 0.0051499 0.00273683 -0.0173263
1.74075e+09 9.98193 0.282713 0.344331 0.99983 0.00501397 0.00274198 -0.0175741
1.74075e+09 9.98188 0.285439 0.343424 0.999835 0.00509829 0.00287517 -0.0172561
1.74075e+09 9.98049 0.286087 0.342884 0.999834 0.00517064 0.00290673 -0.0172616
1.74075e+09 9.98025 0.282322 0.342369 0.99983 0.00511685 0.00299891 -0.0175169
1.74075e+09 9.98025 0.284113 0.34262 0.999826 0.00503757 0.00284274 -0.0177887
1.74075e+09 9.98153 0.285059 0.341026 0.999831 0.00507773 0.00288676 -0.0174575
1.74075e+09 9.98347 0.289185 0.340329 0.999831 0.00506052 0.00295381 -0.0174426
1.74075e+09 9.98523 0.288951 0.340966 0.99983 0.00502632 0.00284946 -0.0175499
1.74075e+09 9.9858 0.284179 0.342604 0.999836 0.00517207 0.00295202 -0.0171703
1.74075e+09 9.9847 0.279925 0.342391 0.99983 0.00511417 0.00277816 -0.017542
1.74075e+09 9.98287 0.281104 0.342482 0.999834 0.00501269 0.00288122 -0.0173213
1.74075e+09 9.98156 0.286848 0.342374 0.999833 0.00489818 0.00270458 -0.0174295
1.74075e+09 9.9804 0.286716 0.342363 0.999831 0.00486283 0.00274934 -0.0175482
1.74075e+09 9.98199 0.285103 0.343407 0.99983 0.00507148 0.00284266 -0.0175323
1.74075e+09 9.98298 0.287876 0.342678 0.999832 0.00501249 0.00279296 -0.0174375
1.74075e+09 9.98071 0.287144 0.342967 0.999831 0.00515337 0.00324666 -0.0174043
1.74075e+09 9.98005 0.288116 0.344115 0.999833 0.0051482 0.00326221 -0.0172531
1.74075e+09 9.98174 0.288089 0.343558 0.999836 0.00521267 0.00286249 -0.0171739
1.74075e+09 9.98181 0.290427 0.342762 0.999837 0.00492075 0.00280659 -0.0172014
1.74075e+09 9.98302 0.291199 0.341808 0.99983 0.00524151 0.00270837 -0.0174848
1.74075e+09 9.98274 0.290027 0.341157 0.999829 0.00521641 0.00284395 -0.0175389
1.74075e+09 9.98265 0.291373 0.340501 0.999835 0.00501998 0.00282472 -0.017286
1.74075e+09 9.98192 0.291161 0.340406 0.999834 0.00510151 0.0028357 -0.0172837
1.74075e+09 9.98242 0.28549 0.340676 0.999827 0.00514275 0.0030147 -0.0176845
1.74075e+09 9.98295 0.285372 0.341228 0.999835 0.00512993 0.00300687 -0.0172021
1.74075e+09 9.9843 0.289227 0.341599 0.999838 0.00480837 0.00280292 -0.017185
1.74075e+09 9.98559 0.289946 0.343526 0.999833 0.00504366 0.00288557 -0.017374
1.74075e+09 9.983 0.286035 0.343281 0.999829 0.00492596 0.00283243 -0.0176218
1.74075e+09 9.98253 0.281528 0.343045 0.999837 0.00508012 0.00302588 -0.017123
1.74075e+09 9.98292 0.280474 0.342815 0.999832 0.00498154 0.00247292 -0.0174976
1.74075e+09 9.98229 0.280476 0.342554 0.999833 0.00521198 0.00290487 -0.0173026
1.74075e+09 9.9831 0.282387 0.342739 0.999832 0.00503903 0.00276962 -0.0174181
1.74075e+09 9.9837 0.285049 0.34476 0.999832 0.00530431 0.00305228 -0.0173165
1.74075e+09 9.98125 0.284934 0.344363 0.999826 0.00497869 0.00278063 -0.0177786
1.74075e+09 9.98117 0.284975 0.343444 0.999833 0.00511129 0.00282587 -0.0173382
1.74075e+09 9.98067 0.286568 0.342743 0.999837 0.00500974 0.002542 -0.0172211
1.74075e+09 9.98292 0.282647 0.342621 0.999829 0.00533879 0.00307659 -0.0174837
1.74075e+09 9.98256 0.281511 0.34316 0.999833 0.0051122 0.00284688 -0.0173339
1.74075e+09 9.98158 0.280581 0.342919 0.999832 0.00499877 0.00273831 -0.0174454
1.74075e+09 9.98293 0.278142 0.342849 0.99983 0.00511644 0.0029056 -0.0175003
1.74075e+09 9.98422 0.278125 0.341862 0.999835 0.00506603 0.0028536 -0.0172773
1.74075e+09 9.98523 0.280644 0.341582 0.999829 0.0049723 0.00286166 -0.0175962
1.74075e+09 9.98351 0.284391 0.341652 0.999839 0.00497472 0.00284074 -0.0170512
1.74075e+09 9.98305 0.284311 0.342818 0.999839 0.00507961 0.00293408 -0.0170182
1.74075e+09 9.98354 0.284887 0.343739 0.999836 0.00493089 0.00289024 -0.0172113
1.74075e+09 9.98287 0.28675 0.34315 0.999831 0.00516833 0.00284625 -0.0174466
1.74075e+09 9.98439 0.283955 0.34205 0.999833 0.00504497 0.00290824 -0.0173812
1.74075e+09 9.98421 0.282413 0.343087 0.999834 0.00520632 0.00298003 -0.0172597
1.74075e+09 9.98224 0.287191 0.344252 0.999836 0.00507687 0.00286691 -0.0171944
1.74075e+09 9.98183 0.285694 0.343772 0.999835 0.00505045 0.00283254 -0.0172525
1.74075e+09 9.98074 0.287999 0.343421 0.999832 0.00501179 0.00278722 -0.0174236
1.74075e+09 9.98026 0.286261 0.342577 0.999826 0.00528316 0.00281068 -0.0177169
1.74075e+09 9.98114 0.287987 0.341801 0.999827 0.00504229 0.00299126 -0.0176733
1.74075e+09 9.98107 0.287934 0.34059 0.999832 0.00510313 0.00288721 -0.0174093
1.74075e+09 9.98119 0.289059 0.341463 0.999836 0.00510635 0.00290928 -0.0171697
1.74075e+09 9.98268 0.287321 0.340588 0.999835 0.00493875 0.002699 -0.0173338
1.74075e+09 9.98311 0.285039 0.341535 0.999827 0.00509233 0.00278307 -0.017707
1.74075e+09 9.98458 0.28851 0.341901 0.999828 0.00517098 0.00276059 -0.0176148
1.74075e+09 9.98343 0.284391 0.343783 0.999832 0.00507657 0.0029367 -0.017395
1.74075e+09 9.98406 0.281565 0.344325 0.999837 0.00506696 0.0028224 -0.0171631
